
Reaction test v3
type	A+B+C
number	1000

max value	65536
unit	us

test	A	B	C
0	25	41	11
1	41	8	26
2	7	23	39
3	5	21	38
4	23	40	7
5	8	25	41
6	27	42	11
7	25	42	11
8	11	25	43
9	5	21	38
10	20	36	3
11	25	41	10
12	38	7	23
13	5	19	36
14	40	7	23
15	38	5	21
16	38	7	23
17	5	21	37
18	37	7	23
19	7	23	39
20	6	23	39
21	6	21	37
22	8	25	41
23	10	25	41
24	41	8	25
25	23	38	7
26	19	35	5
27	25	40	9
28	25	41	9
29	7	23	40
30	9	25	41
31	19	36	5
32	37	7	23
33	5	21	37
34	25	41	9
35	37	7	23
36	19	35	4
37	23	40	9
38	8	25	41
39	39	6	23
40	21	37	4
41	24	41	10
42	36	3	20
43	21	38	7
44	21	37	6
45	8	25	45
46	37	7	23
47	41	9	25
48	38	7	23
49	37	5	21
50	25	41	10
51	39	7	23
52	21	38	7
53	39	6	23
54	8	25	41
55	39	7	23
56	23	39	8
57	5	21	37
58	38	7	23
59	19	36	3
60	3	19	35
61	43	7	27
62	23	39	8
63	7	23	39
64	25	41	9
65	5	21	37
66	35	5	21
67	5	22	38
68	9	23	40
69	3	20	36
70	37	5	21
71	39	9	25
72	41	8	24
73	35	5	21
74	20	36	5
75	37	6	23
76	21	37	7
77	7	23	39
78	5	21	37
79	41	9	25
80	23	40	7
81	25	41	10
82	19	35	3
83	39	6	23
84	23	40	9
85	36	5	21
86	9	25	41
87	38	5	21
88	38	7	23
89	21	37	6
90	36	3	19
91	38	7	23
92	41	9	25
93	35	4	21
94	39	6	23
95	37	6	23
96	36	3	19
97	5	21	37
98	35	4	21
99	10	26	43
100	39	6	23
101	9	25	41
102	41	8	25
103	9	25	41
104	9	25	41
105	39	8	25
106	19	35	4
107	7	22	38
108	19	35	5
109	5	21	37
110	25	41	8
111	8	24	41
112	36	3	19
113	19	36	5
114	23	40	7
115	25	41	9
116	35	5	21
117	9	25	41
118	6	23	39
119	23	38	7
120	41	8	25
121	21	37	5
122	23	39	8
123	6	23	39
124	7	23	40
125	7	23	39
126	21	37	7
127	37	7	23
128	39	7	23
129	9	25	41
130	21	37	7
131	8	25	41
132	23	39	9
133	9	25	41
134	25	41	9
135	24	41	8
136	7	21	39
137	5	21	37
138	41	8	24
139	24	41	8
140	4	21	37
141	5	19	35
142	21	37	4
143	25	41	9
144	3	20	36
145	21	37	5
146	25	42	9
147	7	23	39
148	7	23	40
149	25	41	9
150	39	7	23
151	25	41	10
152	9	25	42
153	36	5	21
154	35	4	21
155	27	43	12
156	37	4	21
157	21	37	6
158	9	25	42
159	23	40	5
160	8	24	41
161	25	41	10
162	36	3	20
163	23	39	9
164	5	21	38
165	19	35	4
166	5	21	37
167	3	19	36
168	25	41	11
169	23	39	9
170	11	25	41
171	39	6	23
172	19	35	3
173	41	10	27
174	21	36	5
175	39	7	25
176	41	10	26
177	21	37	5
178	41	9	25
179	39	8	25
180	25	41	9
181	38	5	23
182	25	41	10
183	19	36	3
184	38	5	22
185	21	35	5
186	35	3	19
187	5	21	37
188	8	25	41
189	19	36	3
190	38	5	21
191	5	21	37
192	8	25	41
193	10	26	43
194	41	8	25
195	25	41	11
196	25	41	11
197	7	23	40
198	4	21	37
199	19	36	5
200	39	8	25
201	35	3	19
202	23	39	7
203	36	3	19
204	3	19	35
205	23	40	9
206	35	5	21
207	5	21	37
208	25	41	11
209	23	39	8
210	7	22	38
211	21	37	7
212	3	19	35
213	23	39	8
214	37	5	21
215	6	23	39
216	39	7	23
217	5	21	38
218	9	25	41
219	37	7	23
220	23	39	7
221	41	8	25
222	7	23	39
223	42	9	25
224	7	23	39
225	39	8	25
226	7	23	39
227	25	41	10
228	35	3	19
229	35	4	21
230	39	7	23
231	3	20	36
232	25	42	9
233	19	35	3
234	41	8	25
235	10	24	43
236	20	36	5
237	35	3	21
238	7	23	39
239	19	36	5
240	21	37	7
241	23	40	7
242	25	39	9
243	23	40	9
244	40	9	25
245	5	21	37
246	6	23	39
247	25	41	9
248	6	23	39
249	20	36	5
250	5	22	38
251	23	39	8
252	19	35	5
253	23	39	8
254	40	7	23
255	9	25	42
256	36	3	20
257	37	5	21
258	27	43	10
259	42	9	25
260	23	39	8
261	19	35	5
262	23	39	5
263	23	38	7
264	5	21	37
265	5	19	36
266	23	39	7
267	40	7	23
268	3	19	36
269	41	8	25
270	23	37	6
271	4	21	37
272	39	8	25
273	23	39	7
274	3	19	36
275	37	5	21
276	36	5	21
277	39	7	23
278	8	23	39
279	19	35	3
280	4	21	37
281	3	19	36
282	35	4	21
283	5	21	37
284	23	39	8
285	3	19	35
286	5	20	36
287	37	5	21
288	7	23	40
289	4	21	37
290	38	5	22
291	41	9	25
292	23	37	7
293	37	6	23
294	39	8	25
295	23	40	9
296	19	35	3
297	3	19	36
298	9	23	39
299	3	19	37
300	8	25	41
301	21	37	7
302	23	39	8
303	25	42	9
304	6	21	37
305	23	40	7
306	39	7	23
307	37	5	21
308	9	25	41
309	4	21	37
310	36	5	21
311	36	3	19
312	21	37	7
313	7	21	39
314	39	6	23
315	7	23	40
316	5	21	38
317	10	27	43
318	39	9	25
319	21	37	7
320	41	9	27
321	25	41	11
322	22	38	5
323	23	39	9
324	25	41	11
325	4	21	37
326	25	39	5
327	9	25	41
328	9	25	41
329	35	5	21
330	35	3	21
331	9	25	41
332	36	5	21
333	5	21	37
334	38	7	23
335	3	19	36
336	41	9	25
337	36	3	20
338	8	25	41
339	7	23	40
340	5	21	38
341	39	7	23
342	21	38	5
343	41	9	25
344	25	41	10
345	7	23	40
346	41	10	27
347	37	7	23
348	7	23	40
349	21	35	4
350	5	21	37
351	19	35	3
352	35	3	19
353	9	25	42
354	35	5	21
355	39	8	25
356	3	20	36
357	5	21	37
358	37	4	21
359	10	24	41
360	41	9	25
361	7	23	39
362	35	3	21
363	41	8	25
364	9	25	42
365	5	22	38
366	41	9	25
367	21	37	6
368	40	7	25
369	21	38	5
370	25	40	9
371	10	26	43
372	25	41	10
373	35	3	19
374	40	7	23
375	38	5	21
376	8	23	39
377	36	5	22
378	25	41	9
379	7	23	39
380	41	8	25
381	40	7	23
382	39	9	25
383	23	39	9
384	9	25	41
385	10	27	43
386	3	19	35
387	3	20	36
388	37	5	21
389	23	39	8
390	22	38	5
391	38	5	22
392	9	25	42
393	7	23	39
394	23	37	7
395	36	5	21
396	20	36	3
397	21	37	5
398	9	25	41
399	39	8	25
400	41	8	25
401	41	8	25
402	3	19	36
403	38	7	23
404	5	19	36
405	6	26	43
406	25	42	11
407	7	23	39
408	11	25	41
409	35	3	19
410	41	11	27
411	5	22	38
412	3	19	35
413	37	7	23
414	41	8	25
415	39	7	23
416	35	3	19
417	19	35	5
418	35	3	19
419	23	40	7
420	42	11	27
421	23	37	6
422	5	21	38
423	36	3	20
424	7	21	37
425	5	22	38
426	41	11	27
427	41	11	27
428	8	24	41
429	39	6	25
430	10	25	41
431	23	39	6
432	25	39	8
433	35	3	21
434	39	6	23
435	5	21	37
436	3	19	36
437	3	20	36
438	7	23	39
439	21	35	5
440	37	5	21
441	7	23	39
442	4	21	37
443	3	19	36
444	38	5	22
445	5	21	38
446	21	35	4
447	39	9	25
448	9	23	39
449	36	5	21
450	11	25	41
451	19	35	3
452	39	7	23
453	36	5	22
454	35	3	21
455	22	36	5
456	25	41	10
457	39	9	25
458	39	6	23
459	21	37	4
460	23	39	6
461	23	39	8
462	7	22	38
463	23	37	6
464	5	21	37
465	23	37	7
466	41	8	25
467	5	21	37
468	41	9	25
469	41	9	25
470	25	39	8
471	9	25	45
472	9	23	39
473	35	3	19
474	23	39	7
475	27	42	11
476	5	21	37
477	7	23	40
478	9	25	41
479	9	23	41
480	41	10	27
481	41	10	26
482	37	5	23
483	39	6	23
484	21	36	5
485	23	40	3
486	41	9	25
487	23	39	7
488	3	19	35
489	39	8	25
490	37	7	23
491	41	10	26
492	5	21	37
493	7	23	39
494	41	11	27
495	36	5	21
496	5	19	35
497	23	40	9
498	3	19	35
499	23	39	8
500	23	39	7
501	21	38	5
502	6	23	39
503	41	9	25
504	37	5	21
505	7	23	39
506	20	36	3
507	25	41	8
508	9	25	41
509	9	25	41
510	41	8	25
511	40	9	25
512	8	24	41
513	9	25	42
514	7	23	39
515	23	40	9
516	39	9	25
517	39	8	25
518	40	9	25
519	23	39	6
520	5	21	37
521	25	41	9
522	21	37	6
523	19	35	5
524	21	37	7
525	3	19	35
526	9	25	41
527	21	36	5
528	35	3	19
529	5	19	36
530	5	21	38
531	21	37	5
532	41	8	24
533	7	21	38
534	40	7	23
535	25	41	10
536	19	35	5
537	5	20	36
538	5	20	36
539	3	20	38
540	23	39	6
541	7	23	39
542	9	25	41
543	8	25	41
544	25	41	11
545	35	5	21
546	21	35	5
547	25	39	9
548	19	36	3
549	37	5	21
550	23	38	7
551	23	39	6
552	23	39	8
553	39	7	23
554	9	25	41
555	35	3	21
556	3	19	35
557	8	24	41
558	37	7	23
559	41	8	25
560	42	11	27
561	9	25	41
562	25	45	10
563	40	7	23
564	19	35	5
565	37	6	23
566	25	40	9
567	38	5	23
568	5	21	37
569	20	36	5
570	7	23	39
571	5	21	37
572	5	21	38
573	41	9	25
574	8	25	41
575	40	7	23
576	9	25	41
577	37	6	23
578	5	21	37
579	25	41	10
580	21	37	5
581	21	37	5
582	5	21	37
583	39	6	23
584	21	37	5
585	8	24	41
586	21	37	6
587	21	37	7
588	36	5	21
589	35	3	19
590	25	41	10
591	25	41	10
592	3	19	36
593	25	41	11
594	25	39	9
595	9	25	41
596	19	36	3
597	7	23	39
598	3	19	35
599	11	27	43
600	21	37	7
601	26	41	10
602	3	19	36
603	7	23	39
604	5	21	37
605	5	22	38
606	5	21	37
607	23	40	9
608	39	8	24
609	25	41	11
610	25	42	11
611	8	24	41
612	23	37	7
613	34	3	19
614	39	8	24
615	25	41	9
616	5	21	37
617	35	5	21
618	25	41	9
619	36	3	19
620	19	36	3
621	5	21	37
622	40	9	25
623	7	23	39
624	19	35	5
625	5	21	38
626	39	8	25
627	39	6	23
628	39	9	25
629	20	36	5
630	37	6	23
631	9	25	41
632	22	36	5
633	36	3	20
634	19	36	5
635	21	37	7
636	9	25	41
637	9	25	41
638	21	38	7
639	5	21	37
640	3	19	35
641	39	7	23
642	24	41	10
643	39	9	25
644	7	23	40
645	7	22	38
646	5	23	40
647	5	21	38
648	21	37	7
649	37	5	21
650	11	25	41
651	23	39	7
652	23	39	7
653	23	40	9
654	42	9	27
655	19	36	5
656	21	37	5
657	39	9	25
658	35	5	21
659	6	23	39
660	41	8	25
661	8	23	39
662	21	35	5
663	36	3	20
664	23	39	7
665	23	40	9
666	37	5	21
667	41	11	27
668	39	7	23
669	5	21	38
670	39	7	23
671	23	39	8
672	19	35	4
673	37	6	23
674	35	3	21
675	35	5	21
676	39	8	25
677	42	9	25
678	39	6	23
679	41	9	25
680	23	39	7
681	9	25	41
682	25	40	9
683	37	6	23
684	10	27	43
685	21	35	5
686	5	21	37
687	23	39	8
688	23	39	6
689	9	23	40
690	3	19	35
691	42	9	25
692	19	36	5
693	7	23	39
694	8	25	41
695	41	9	25
696	37	6	23
697	20	36	5
698	11	27	43
699	9	23	40
700	21	37	5
701	3	20	36
702	41	8	24
703	5	21	38
704	37	5	21
705	6	23	39
706	39	6	23
707	27	41	11
708	10	25	43
709	37	6	23
710	3	20	36
711	25	41	11
712	35	4	21
713	9	23	40
714	21	36	5
715	37	6	23
716	5	21	38
717	6	23	39
718	9	23	39
719	25	39	8
720	9	23	41
721	36	3	19
722	37	5	21
723	39	7	23
724	41	8	24
725	25	41	11
726	40	9	25
727	39	7	23
728	35	5	21
729	27	42	9
730	23	39	8
731	3	19	36
732	38	7	23
733	45	8	28
734	23	39	7
735	22	38	7
736	41	9	27
737	8	25	41
738	39	7	23
739	23	39	6
740	23	39	9
741	39	9	25
742	7	21	37
743	25	41	10
744	23	39	7
745	41	8	25
746	38	5	21
747	19	35	5
748	23	39	7
749	7	25	41
750	23	39	7
751	40	7	23
752	42	9	25
753	39	9	25
754	25	42	9
755	23	39	6
756	23	39	8
757	38	7	23
758	36	5	21
759	8	25	41
760	35	3	19
761	41	9	27
762	8	25	41
763	25	40	9
764	5	21	38
765	43	10	26
766	7	21	38
767	3	20	36
768	37	6	23
769	36	5	21
770	21	37	7
771	8	24	41
772	21	38	7
773	35	3	19
774	6	23	39
775	10	25	43
776	5	21	38
777	37	6	23
778	9	23	40
779	7	23	39
780	6	23	39
781	5	21	37
782	41	8	25
783	39	6	23
784	21	37	6
785	11	27	43
786	19	35	3
787	21	36	5
788	37	6	23
789	35	5	21
790	25	41	11
791	35	5	21
792	35	3	19
793	23	37	7
794	6	21	39
795	36	5	21
796	36	5	21
797	39	8	25
798	23	39	7
799	9	25	41
800	25	40	9
801	21	35	5
802	21	36	5
803	25	42	9
804	35	3	19
805	41	8	24
806	37	5	21
807	40	7	23
808	23	39	7
809	9	25	41
810	3	19	35
811	35	4	21
812	3	20	36
813	41	11	27
814	8	24	41
815	5	21	38
816	10	25	41
817	23	39	8
818	5	21	37
819	9	23	39
820	3	19	36
821	39	6	23
822	35	3	19
823	41	10	27
824	40	7	23
825	25	41	11
826	25	41	11
827	9	25	41
828	38	7	23
829	7	23	40
830	24	41	10
831	41	11	27
832	36	3	19
833	23	37	6
834	27	43	10
835	5	20	38
836	25	41	9
837	22	38	7
838	23	39	9
839	21	37	5
840	9	23	41
841	39	6	23
842	23	40	9
843	10	25	41
844	21	37	7
845	36	5	21
846	36	5	21
847	36	3	20
848	23	40	9
849	25	41	10
850	36	5	21
851	7	21	37
852	39	8	24
853	36	3	20
854	40	7	23
855	22	40	5
856	23	39	7
857	40	9	25
858	7	23	39
859	37	5	21
860	21	37	6
861	7	23	40
862	3	19	35
863	23	40	7
864	41	8	25
865	5	22	38
866	37	5	21
867	23	37	7
868	25	41	10
869	5	22	38
870	21	38	7
871	23	37	7
872	21	38	7
873	21	38	7
874	20	36	5
875	25	39	9
876	23	40	7
877	11	25	42
878	8	24	41
879	36	3	19
880	22	38	7
881	39	7	23
882	21	38	7
883	20	36	5
884	21	37	7
885	42	9	25
886	21	37	5
887	23	39	8
888	19	35	5
889	8	25	41
890	8	25	41
891	37	6	23
892	25	41	8
893	6	23	39
894	5	21	37
895	9	27	43
896	23	39	9
897	25	41	8
898	19	35	4
899	9	25	41
900	7	23	39
901	23	39	6
902	42	9	25
903	41	8	26
904	39	7	23
905	5	21	37
906	37	6	23
907	23	39	8
908	25	41	10
909	41	11	27
910	35	3	19
911	41	10	26
912	25	41	11
913	39	9	25
914	37	7	23
915	21	35	5
916	25	41	11
917	5	21	38
918	8	24	41
919	41	10	26
920	37	6	23
921	3	19	36
922	7	23	39
923	25	41	10
924	19	35	5
925	23	40	9
926	35	5	21
927	19	35	3
928	41	8	24
929	4	19	35
930	37	4	21
931	5	21	37
932	38	5	22
933	41	9	25
934	38	7	23
935	9	25	42
936	10	26	43
937	7	23	39
938	39	8	24
939	5	20	38
940	20	36	5
941	41	9	25
942	8	24	41
943	36	3	19
944	10	25	41
945	36	5	21
946	3	19	35
947	7	23	40
948	19	35	5
949	38	7	23
950	36	3	20
951	35	3	19
952	25	39	9
953	39	6	23
954	39	6	25
955	7	23	39
956	36	3	20
957	38	5	21
958	9	25	41
959	9	25	41
960	21	35	5
961	36	5	21
962	7	23	39
963	19	35	3
964	35	5	21
965	39	7	23
966	19	35	5
967	5	21	37
968	5	22	38
969	11	27	43
970	5	21	38
971	37	7	23
972	23	40	9
973	3	20	36
974	5	21	37
975	19	36	3
976	21	38	5
977	8	25	41
978	10	25	41
979	23	39	8
980	7	21	39
981	36	3	21
982	37	7	23
983	9	23	39
984	25	42	9
985	19	36	5
986	21	37	7
987	3	19	35
988	8	25	41
989	36	3	19
990	5	21	37
991	19	36	5
992	5	21	37
993	21	36	5
994	9	25	41
995	10	24	41
996	37	6	23
997	41	9	25
998	7	23	39
999	6	23	39
