
Reaction test v3
type	A+B+C
number	1000

max value	65536
unit	us

test	A	B	C
0	3	19	36
1	25	41	10
2	19	35	5
3	23	39	8
4	9	25	41
5	41	10	27
6	23	39	6
7	11	27	43
8	23	39	8
9	7	23	40
10	21	38	7
11	23	39	9
12	41	8	25
13	23	39	8
14	41	9	25
15	40	9	25
16	39	6	23
17	25	41	9
18	20	36	5
19	40	7	23
20	3	19	35
21	41	6	24
22	6	23	39
23	11	25	43
24	5	21	38
25	21	37	4
26	41	11	27
27	27	42	11
28	41	8	24
29	25	41	11
30	25	39	9
31	9	25	42
32	8	24	41
33	38	7	23
34	8	23	41
35	39	6	23
36	35	4	21
37	4	21	37
38	38	7	23
39	37	4	21
40	21	37	4
41	3	19	36
42	25	39	9
43	5	19	37
44	37	4	21
45	41	9	25
46	7	21	38
47	19	35	5
48	23	39	7
49	3	19	35
50	25	41	9
51	8	25	41
52	23	38	7
53	3	19	35
54	39	9	25
55	21	38	7
56	7	23	40
57	7	23	39
58	40	7	25
59	5	19	37
60	23	40	7
61	19	36	5
62	27	41	11
63	42	9	25
64	41	8	25
65	41	8	25
66	5	23	40
67	40	7	23
68	23	39	9
69	5	21	38
70	41	9	25
71	11	25	42
72	25	40	9
73	23	39	7
74	9	25	41
75	39	8	25
76	10	26	43
77	25	41	10
78	25	41	11
79	11	25	41
80	3	20	36
81	7	23	39
82	41	10	27
83	10	25	41
84	3	19	36
85	41	10	26
86	35	3	19
87	5	21	37
88	10	25	41
89	3	19	35
90	35	3	19
91	6	21	37
92	5	21	38
93	21	37	6
94	6	23	39
95	5	21	37
96	35	4	21
97	25	41	9
98	39	7	25
99	20	36	3
100	37	7	23
101	8	25	41
102	27	41	10
103	25	41	10
104	36	5	21
105	37	7	23
106	23	39	6
107	23	40	9
108	5	21	38
109	25	41	8
110	39	6	23
111	27	43	9
112	39	7	23
113	39	7	23
114	21	39	5
115	23	37	6
116	7	23	39
117	26	41	10
118	7	21	37
119	8	24	41
120	23	40	7
121	7	23	40
122	35	3	19
123	21	38	7
124	24	41	10
125	19	35	4
126	9	25	42
127	23	39	7
128	6	23	39
129	21	36	5
130	25	41	11
131	41	8	25
132	37	4	23
133	35	3	19
134	8	24	41
135	6	21	39
136	9	25	41
137	41	9	25
138	19	36	5
139	8	24	41
140	3	21	38
141	19	36	5
142	6	23	39
143	23	39	8
144	21	35	4
145	21	35	5
146	25	39	8
147	5	21	37
148	21	36	5
149	9	23	41
150	21	37	5
151	9	25	41
152	42	9	25
153	19	35	4
154	39	7	25
155	38	5	21
156	36	5	22
157	41	9	25
158	10	26	43
159	41	10	27
160	6	23	39
161	24	41	10
162	38	5	23
163	36	3	21
164	5	21	37
165	39	8	25
166	23	39	7
167	39	6	23
168	25	39	9
169	40	7	25
170	36	5	21
171	25	41	11
172	7	21	38
173	19	36	5
174	27	41	11
175	35	5	21
176	24	41	10
177	10	24	41
178	21	37	5
179	40	7	23
180	21	37	7
181	10	25	41
182	40	9	25
183	36	3	20
184	3	19	35
185	41	9	27
186	19	35	3
187	21	37	5
188	21	36	5
189	24	41	10
190	9	25	41
191	38	7	23
192	4	21	37
193	23	40	9
194	8	25	41
195	35	5	21
196	36	3	19
197	9	23	40
198	21	37	7
199	23	38	7
200	23	39	8
201	5	22	38
202	41	9	25
203	39	9	25
204	38	7	23
205	22	36	5
206	5	21	37
207	41	9	25
208	37	7	23
209	8	23	41
210	37	7	23
211	37	5	21
212	35	4	21
213	19	36	5
214	37	5	21
215	21	38	7
216	41	8	24
217	3	19	35
218	35	3	19
219	40	7	23
220	37	5	21
221	21	37	5
222	21	37	5
223	37	5	21
224	3	19	35
225	39	8	24
226	39	8	25
227	27	42	11
228	23	39	7
229	37	6	23
230	41	8	25
231	7	21	37
232	21	37	7
233	41	9	25
234	23	37	7
235	6	23	39
236	6	23	39
237	25	39	8
238	21	37	6
239	21	38	5
240	25	42	9
241	23	37	6
242	21	38	5
243	19	35	3
244	21	36	5
245	37	5	21
246	11	27	43
247	38	7	23
248	39	7	23
249	23	40	7
250	37	5	21
251	39	7	23
252	36	5	21
253	7	23	39
254	25	40	9
255	23	37	6
256	39	8	24
257	39	7	23
258	37	5	23
259	41	9	27
260	5	21	38
261	19	35	5
262	23	39	8
263	39	6	23
264	39	7	23
265	8	23	41
266	19	35	3
267	22	36	5
268	38	7	23
269	3	19	35
270	11	27	43
271	27	42	11
272	36	5	21
273	21	35	5
274	23	39	7
275	41	9	25
276	24	41	10
277	35	3	21
278	5	21	37
279	25	41	11
280	23	40	9
281	21	37	4
282	19	36	5
283	24	41	10
284	41	10	27
285	36	3	20
286	41	8	24
287	25	41	9
288	9	23	40
289	40	7	23
290	41	9	25
291	3	19	35
292	21	37	6
293	11	25	43
294	23	40	5
295	24	39	8
296	37	5	21
297	5	21	37
298	9	29	51
299	35	5	21
300	41	9	25
301	45	3	27
302	36	3	19
303	21	38	5
304	37	7	23
305	23	39	8
306	9	25	42
307	41	11	27
308	6	23	39
309	41	8	25
310	41	9	27
311	37	5	21
312	41	10	27
313	7	23	39
314	9	25	43
315	37	7	23
316	9	23	40
317	8	25	41
318	7	23	39
319	20	36	5
320	8	25	41
321	36	3	19
322	35	3	19
323	35	3	19
324	39	8	25
325	38	7	23
326	5	21	37
327	5	21	37
328	20	36	5
329	41	9	25
330	36	3	21
331	6	21	37
332	19	36	5
333	39	9	25
334	25	41	8
335	39	6	23
336	3	19	35
337	9	25	41
338	9	25	42
339	26	41	10
340	37	7	23
341	11	25	41
342	45	10	29
343	5	21	38
344	23	39	7
345	23	39	9
346	6	23	39
347	25	41	9
348	25	42	9
349	23	46	4
350	23	38	7
351	41	8	25
352	20	36	3
353	7	23	39
354	19	35	3
355	23	39	7
356	7	23	39
357	21	37	6
358	19	36	3
359	7	23	40
360	23	39	8
361	19	36	3
362	23	40	7
363	39	8	24
364	35	3	19
365	5	21	38
366	22	36	5
367	24	41	8
368	3	20	36
369	7	23	39
370	25	41	9
371	3	19	35
372	38	7	23
373	9	25	41
374	20	36	3
375	7	23	40
376	23	40	7
377	25	40	9
378	36	5	21
379	9	25	41
380	5	21	37
381	3	19	35
382	24	41	8
383	5	21	38
384	36	3	20
385	23	40	7
386	41	11	27
387	35	4	21
388	3	19	36
389	23	39	7
390	37	5	21
391	8	23	39
392	23	39	8
393	41	9	25
394	39	9	25
395	21	35	4
396	20	36	5
397	8	23	39
398	37	6	23
399	19	36	5
400	23	39	8
401	21	37	5
402	41	8	24
403	38	5	21
404	5	22	38
405	20	36	5
406	21	37	6
407	41	9	27
408	23	37	6
409	21	37	5
410	21	38	7
411	41	10	26
412	37	5	21
413	9	25	41
414	21	37	7
415	11	25	42
416	36	3	19
417	5	21	37
418	22	38	7
419	23	37	6
420	5	21	37
421	39	6	23
422	3	19	35
423	38	7	23
424	3	19	35
425	5	19	35
426	41	8	25
427	21	35	5
428	7	23	39
429	35	3	19
430	3	19	35
431	7	22	38
432	19	36	3
433	39	9	25
434	41	8	24
435	39	7	23
436	19	36	5
437	9	25	42
438	5	22	38
439	5	21	37
440	21	37	5
441	39	7	23
442	21	37	5
443	8	25	41
444	7	21	38
445	36	3	20
446	23	39	6
447	21	35	5
448	7	23	39
449	21	37	5
450	3	19	35
451	35	3	19
452	23	38	7
453	47	10	30
454	25	41	10
455	41	8	24
456	20	36	5
457	23	39	7
458	5	21	38
459	27	41	11
460	9	23	40
461	6	23	39
462	4	21	37
463	19	36	5
464	23	39	7
465	3	19	35
466	21	37	4
467	21	38	7
468	37	7	23
469	19	36	5
470	5	21	37
471	9	25	41
472	40	7	23
473	3	21	38
474	11	25	43
475	3	19	35
476	37	4	21
477	40	9	25
478	23	39	9
479	7	22	38
480	4	19	35
481	20	36	3
482	36	5	21
483	37	7	23
484	39	9	25
485	5	21	38
486	39	7	25
487	37	4	21
488	36	3	20
489	21	37	6
490	10	26	43
491	19	35	5
492	5	21	37
493	20	36	5
494	38	7	23
495	37	6	23
496	35	3	19
497	9	25	42
498	10	24	41
499	23	39	9
500	7	23	40
501	3	19	36
502	37	5	21
503	39	6	23
504	25	42	11
505	7	23	40
506	8	25	41
507	37	7	23
508	21	37	6
509	39	7	23
510	25	41	9
511	39	6	23
512	5	21	37
513	21	37	6
514	36	5	21
515	3	19	35
516	23	39	7
517	37	6	23
518	24	41	10
519	21	35	4
520	23	39	7
521	39	6	23
522	35	5	21
523	39	9	25
524	42	11	27
525	23	40	9
526	8	24	41
527	38	5	23
528	37	4	23
529	36	3	21
530	23	40	7
531	5	21	38
532	41	8	25
533	9	23	40
534	22	38	5
535	23	39	8
536	21	37	7
537	6	23	39
538	5	21	37
539	6	23	39
540	5	22	38
541	25	41	10
542	25	41	9
543	5	21	38
544	5	21	37
545	23	37	7
546	25	41	9
547	19	36	3
548	5	21	38
549	39	8	25
550	21	38	7
551	36	3	19
552	37	6	23
553	25	41	9
554	7	21	38
555	26	41	10
556	5	21	38
557	25	42	9
558	38	5	22
559	5	22	38
560	3	19	36
561	39	6	23
562	19	36	5
563	35	3	19
564	25	41	9
565	23	40	7
566	23	38	7
567	5	21	37
568	39	8	25
569	37	6	23
570	39	6	23
571	35	3	19
572	36	3	21
573	25	42	11
574	21	35	5
575	25	39	9
576	37	4	21
577	7	23	39
578	19	36	3
579	6	23	39
580	5	19	37
581	9	25	41
582	21	35	5
583	9	23	39
584	41	9	25
585	41	8	25
586	7	23	39
587	23	38	7
588	35	3	19
589	5	21	37
590	25	41	10
591	19	36	5
592	9	25	41
593	25	39	8
594	24	41	10
595	37	7	23
596	11	25	41
597	42	11	27
598	39	9	25
599	5	21	37
600	36	3	21
601	35	3	19
602	35	3	19
603	7	23	39
604	25	41	8
605	19	36	5
606	7	23	40
607	19	36	5
608	8	24	41
609	37	5	21
610	27	43	11
611	10	26	43
612	5	21	37
613	10	25	41
614	19	36	5
615	8	25	41
616	41	8	24
617	39	6	23
618	5	21	37
619	39	6	23
620	25	41	9
621	25	45	9
622	19	35	5
623	25	41	11
624	35	5	21
625	23	39	6
626	36	5	22
627	3	19	35
628	5	19	36
629	23	39	9
630	36	5	21
631	37	5	21
632	21	35	5
633	37	5	23
634	23	40	9
635	42	9	25
636	21	38	7
637	9	25	41
638	19	35	5
639	39	9	25
640	9	25	41
641	5	21	38
642	10	25	41
643	5	21	37
644	8	25	41
645	39	8	25
646	7	23	40
647	7	23	40
648	23	39	7
649	41	9	25
650	8	25	41
651	21	38	7
652	42	9	25
653	7	23	39
654	19	36	3
655	21	36	5
656	7	23	39
657	19	36	3
658	21	37	5
659	5	21	38
660	3	26	43
661	5	21	37
662	4	21	37
663	19	36	3
664	9	25	41
665	25	41	9
666	39	9	25
667	25	41	10
668	27	41	10
669	39	9	25
670	35	5	21
671	7	23	39
672	39	7	23
673	3	20	36
674	37	4	21
675	7	23	39
676	23	39	6
677	40	9	25
678	9	25	41
679	5	21	37
680	21	38	7
681	9	25	41
682	27	41	11
683	3	20	36
684	5	21	37
685	27	41	10
686	41	9	25
687	36	3	20
688	3	19	36
689	3	19	35
690	5	21	37
691	41	9	25
692	23	39	8
693	10	25	41
694	39	8	25
695	10	25	41
696	8	25	41
697	25	42	9
698	23	39	6
699	7	21	37
700	3	19	35
701	41	8	25
702	8	25	41
703	39	9	25
704	25	41	11
705	5	21	37
706	7	23	39
707	7	23	40
708	9	25	41
709	9	25	41
710	7	23	39
711	37	5	21
712	39	9	25
713	23	38	7
714	25	39	9
715	41	9	27
716	23	39	7
717	21	37	7
718	8	25	41
719	40	7	23
720	39	9	25
721	37	6	23
722	7	21	38
723	5	21	37
724	5	22	38
725	3	19	36
726	5	21	37
727	7	23	39
728	23	39	9
729	8	25	41
730	37	6	23
731	5	21	38
732	7	23	39
733	23	39	9
734	25	39	8
735	7	23	40
736	5	19	36
737	21	37	4
738	36	5	21
739	21	37	6
740	36	3	19
741	41	9	25
742	5	21	37
743	8	24	41
744	41	11	27
745	23	39	9
746	21	37	7
747	6	23	39
748	25	41	8
749	23	40	7
750	8	23	39
751	35	3	19
752	41	9	25
753	7	23	40
754	37	4	21
755	25	41	11
756	8	24	41
757	9	23	39
758	21	37	5
759	41	10	27
760	5	21	38
761	7	23	40
762	21	35	5
763	36	5	22
764	19	35	5
765	3	20	36
766	23	38	7
767	3	20	36
768	22	38	5
769	7	21	38
770	41	11	27
771	3	19	35
772	21	37	7
773	26	41	10
774	21	37	5
775	39	9	25
776	9	25	41
777	39	7	23
778	37	5	21
779	41	8	25
780	41	9	25
781	21	37	5
782	7	23	39
783	21	37	6
784	41	8	25
785	37	7	23
786	19	36	5
787	7	23	40
788	3	19	36
789	19	35	5
790	7	23	40
791	4	19	37
792	41	8	25
793	35	3	19
794	5	22	38
795	41	8	25
796	4	19	35
797	25	41	9
798	35	3	21
799	21	37	5
800	6	21	39
801	6	23	39
802	23	39	7
803	25	41	10
804	9	25	41
805	25	41	9
806	19	35	3
807	37	4	21
808	21	37	6
809	41	8	25
810	36	3	20
811	22	38	5
812	5	22	38
813	19	35	3
814	19	36	3
815	39	9	25
816	4	21	37
817	21	36	5
818	25	41	11
819	5	21	37
820	27	43	11
821	7	23	40
822	37	4	23
823	7	23	43
824	7	23	40
825	9	23	40
826	19	35	5
827	41	8	24
828	6	23	39
829	36	3	20
830	23	39	9
831	43	8	28
832	19	35	5
833	5	22	38
834	41	11	27
835	36	3	22
836	41	9	25
837	19	35	5
838	35	4	21
839	22	38	7
840	39	7	25
841	3	19	35
842	8	23	39
843	9	25	42
844	5	21	37
845	10	24	41
846	19	35	5
847	25	42	9
848	22	38	5
849	19	36	5
850	9	25	41
851	3	20	36
852	8	23	39
853	5	21	37
854	9	23	39
855	35	3	19
856	25	41	10
857	8	25	41
858	25	42	9
859	21	38	7
860	38	7	23
861	41	9	25
862	23	39	6
863	38	5	21
864	39	6	23
865	21	37	6
866	35	3	19
867	23	40	7
868	25	41	9
869	23	39	7
870	5	21	37
871	11	25	41
872	35	4	21
873	39	7	23
874	19	36	5
875	25	41	10
876	35	4	21
877	23	38	7
878	25	41	10
879	38	5	21
880	25	41	10
881	11	25	42
882	39	9	25
883	43	11	27
884	41	9	25
885	23	39	8
886	25	39	8
887	25	41	8
888	21	36	5
889	40	9	25
890	37	5	21
891	3	20	36
892	21	37	7
893	21	37	5
894	5	21	37
895	37	4	21
896	21	37	5
897	37	5	21
898	5	21	37
899	23	39	7
900	27	41	10
901	6	23	39
902	7	23	39
903	9	25	42
904	36	5	21
905	37	7	23
906	5	21	37
907	21	37	5
908	11	27	43
909	24	41	10
910	27	41	11
911	6	23	39
912	23	39	9
913	41	10	27
914	41	9	25
915	41	8	24
916	7	23	39
917	19	35	5
918	40	7	23
919	7	23	39
920	5	22	38
921	25	41	10
922	8	24	41
923	19	36	5
924	37	4	21
925	22	38	5
926	40	7	23
927	25	42	9
928	38	5	22
929	25	41	9
930	41	8	25
931	9	25	41
932	19	36	5
933	9	25	42
934	5	21	37
935	19	35	5
936	41	8	25
937	3	19	35
938	22	38	5
939	4	19	35
940	7	21	39
941	41	9	25
942	5	21	38
943	42	9	25
944	4	19	35
945	35	4	21
946	24	41	10
947	39	7	23
948	41	10	27
949	22	38	7
950	21	37	7
951	5	21	38
952	19	35	5
953	23	40	9
954	38	5	21
955	21	37	6
956	36	3	21
957	5	19	35
958	27	41	11
959	8	23	39
960	38	5	21
961	7	23	39
962	9	25	42
963	11	25	41
964	41	11	27
965	22	38	5
966	7	23	39
967	39	6	23
968	21	37	7
969	20	36	3
970	42	9	25
971	23	39	9
972	39	9	25
973	21	36	5
974	7	23	39
975	7	23	39
976	3	19	35
977	27	42	11
978	21	36	5
979	9	25	42
980	25	42	11
981	39	7	23
982	23	39	8
983	41	9	25
984	25	41	10
985	7	22	42
986	8	24	41
987	3	19	35
988	23	39	8
989	10	25	41
990	5	21	38
991	38	5	22
992	36	5	21
993	39	7	23
994	3	19	35
995	36	3	19
996	38	5	21
997	5	19	35
998	37	7	23
999	37	7	23
