
Reaction test v3
type	A+B+C
number	1000

max value	65536
unit	us

test	A	B	C
0	39	7	25
1	8	25	43
2	21	37	5
3	25	41	9
4	43	10	26
5	23	40	9
6	39	7	23
7	25	41	8
8	25	39	8
9	7	23	39
10	19	35	5
11	41	8	27
12	11	27	43
13	39	7	25
14	20	36	5
15	3	20	36
16	7	23	39
17	19	35	5
18	41	5	21
19	37	5	21
20	38	5	21
21	41	8	24
22	27	43	10
23	35	3	19
24	7	23	40
25	10	26	43
26	23	39	9
27	39	7	25
28	38	5	23
29	42	9	25
30	25	41	8
31	36	3	21
32	25	42	11
33	43	10	27
34	41	8	26
35	5	21	37
36	23	37	7
37	21	38	5
38	42	9	27
39	25	41	11
40	23	37	6
41	41	9	25
42	19	35	3
43	25	41	9
44	39	6	25
45	27	47	11
46	35	3	19
47	5	21	37
48	36	3	20
49	19	36	5
50	41	8	25
51	21	38	7
52	39	7	23
53	7	23	39
54	7	23	40
55	23	40	9
56	21	37	7
57	22	38	7
58	39	6	25
59	43	10	27
60	23	39	9
61	7	23	39
62	20	36	5
63	39	6	23
64	43	10	27
65	9	25	41
66	24	41	8
67	9	25	41
68	37	5	21
69	36	3	22
70	7	25	41
71	3	19	37
72	42	9	25
73	23	40	7
74	25	41	9
75	38	5	21
76	36	3	19
77	25	41	10
78	39	6	23
79	19	35	3
80	5	21	38
81	23	39	9
82	38	5	21
83	7	23	41
84	21	38	5
85	25	41	11
86	9	25	41
87	9	25	43
88	9	25	42
89	5	19	37
90	3	19	35
91	23	39	7
92	21	37	5
93	11	27	43
94	37	5	21
95	21	37	5
96	7	23	39
97	23	39	7
98	37	5	23
99	19	35	5
100	21	37	4
101	3	20	36
102	25	41	9
103	39	7	23
104	37	3	21
105	23	39	9
106	5	21	37
107	7	23	39
108	37	5	21
109	39	7	23
110	40	7	23
111	11	25	43
112	27	43	11
113	10	27	52
114	39	7	23
115	3	20	38
116	27	43	10
117	19	36	3
118	21	37	5
119	49	7	25
120	19	36	3
121	5	19	37
122	19	35	3
123	25	41	8
124	21	38	5
125	41	11	27
126	42	9	25
127	9	25	41
128	38	5	21
129	39	6	23
130	41	9	27
131	6	23	39
132	4	21	37
133	39	3	19
134	37	5	21
135	39	6	23
136	43	10	27
137	9	25	41
138	3	19	37
139	36	3	21
140	25	41	11
141	11	27	43
142	40	9	25
143	41	8	24
144	25	41	9
145	19	35	4
146	41	10	26
147	21	36	5
148	7	23	40
149	37	5	21
150	41	9	25
151	8	25	41
152	42	9	25
153	3	19	35
154	7	23	39
155	27	42	11
156	23	40	7
157	22	38	5
158	43	11	27
159	38	5	21
160	38	3	22
161	21	37	4
162	9	25	41
163	39	7	23
164	25	41	8
165	3	20	38
166	10	26	43
167	24	41	8
168	41	10	26
169	37	5	21
170	25	41	9
171	27	43	11
172	40	7	23
173	21	37	5
174	5	21	38
175	4	21	37
176	26	43	10
177	3	19	36
178	37	5	21
179	38	5	23
180	7	23	39
181	42	7	25
182	3	19	37
183	23	39	9
184	23	40	7
185	39	6	25
186	8	24	41
187	9	25	41
188	49	9	32
189	25	41	11
190	22	38	7
191	4	21	37
192	37	5	23
193	35	3	21
194	7	23	40
195	7	23	41
196	38	5	21
197	43	7	27
198	24	41	8
199	9	25	41
200	37	7	23
201	10	25	43
202	10	25	43
203	41	10	26
204	7	23	40
205	39	6	23
206	19	36	3
207	21	37	5
208	36	3	21
209	19	35	5
210	23	40	7
211	41	9	25
212	25	41	11
213	25	39	9
214	38	5	23
215	23	40	9
216	5	21	37
217	37	5	21
218	38	5	22
219	41	10	27
220	41	9	25
221	11	27	43
222	10	26	43
223	38	5	22
224	6	23	39
225	38	5	23
226	25	41	9
227	40	7	23
228	3	20	36
229	3	19	37
230	40	7	23
231	21	37	5
232	9	25	43
233	37	5	23
234	24	41	10
235	8	24	41
236	9	25	41
237	5	21	37
238	23	39	7
239	21	38	5
240	41	9	25
241	43	11	27
242	5	21	37
243	41	8	25
244	5	21	37
245	8	24	43
246	10	27	43
247	43	11	27
248	11	27	43
249	5	21	37
250	39	6	23
251	43	11	27
252	7	23	39
253	43	11	27
254	9	25	43
255	23	40	7
256	9	25	41
257	39	7	23
258	3	20	38
259	25	41	9
260	25	45	11
261	19	35	3
262	9	25	41
263	3	19	38
264	37	5	21
265	25	41	9
266	5	21	39
267	27	43	11
268	35	3	19
269	38	5	21
270	7	23	40
271	9	25	41
272	35	3	19
273	7	23	41
274	5	21	37
275	41	9	27
276	6	23	41
277	39	6	25
278	37	5	21
279	7	23	41
280	38	5	21
281	11	27	43
282	6	23	39
283	23	39	7
284	7	23	39
285	25	41	9
286	22	38	7
287	39	6	23
288	42	9	27
289	3	19	36
290	21	38	5
291	8	24	41
292	43	10	26
293	7	23	40
294	38	5	21
295	41	9	25
296	5	19	37
297	11	27	43
298	23	39	7
299	36	3	21
300	9	23	41
301	39	6	24
302	25	41	9
303	25	41	9
304	37	5	23
305	39	7	23
306	23	40	7
307	19	35	3
308	39	7	23
309	39	7	25
310	9	25	41
311	27	43	11
312	4	21	37
313	35	3	19
314	27	43	11
315	22	38	7
316	9	25	41
317	23	40	7
318	39	6	23
319	37	5	21
320	25	41	9
321	37	4	21
322	23	40	9
323	41	9	27
324	20	36	3
325	41	9	25
326	42	9	25
327	41	9	25
328	3	19	36
329	9	25	41
330	23	39	7
331	5	21	39
332	27	42	11
333	38	5	21
334	36	5	21
335	20	36	3
336	43	11	27
337	5	21	38
338	6	23	41
339	23	39	6
340	6	23	39
341	21	38	5
342	7	23	39
343	39	6	23
344	3	19	37
345	6	23	41
346	23	39	8
347	38	5	21
348	5	21	37
349	39	6	23
350	37	6	23
351	9	25	41
352	3	19	35
353	23	39	7
354	3	19	37
355	5	22	38
356	21	37	5
357	41	10	26
358	26	43	10
359	20	36	3
360	19	35	3
361	6	23	39
362	3	20	36
363	27	43	11
364	5	21	37
365	21	37	6
366	5	21	38
367	3	20	38
368	24	41	8
369	37	5	21
370	41	8	24
371	7	23	39
372	20	36	3
373	25	41	9
374	43	10	26
375	5	21	38
376	10	27	43
377	5	21	37
378	4	21	37
379	41	10	27
380	26	41	10
381	8	25	41
382	40	7	23
383	39	6	24
384	37	7	23
385	9	25	41
386	23	39	8
387	23	39	6
388	39	7	23
389	22	38	5
390	23	39	7
391	3	20	38
392	25	41	8
393	24	41	8
394	7	23	39
395	23	38	7
396	39	6	24
397	36	3	22
398	9	25	41
399	3	20	36
400	40	7	23
401	43	11	27
402	21	38	5
403	4	21	37
404	25	41	9
405	25	41	9
406	8	25	41
407	21	37	7
408	6	23	41
409	9	25	41
410	37	4	21
411	6	23	39
412	23	40	7
413	38	5	23
414	43	10	26
415	8	25	41
416	25	41	9
417	19	36	3
418	41	9	25
419	4	21	37
420	43	11	27
421	5	21	38
422	23	39	6
423	27	43	10
424	5	21	37
425	36	3	21
426	39	6	23
427	38	5	23
428	25	42	11
429	27	43	11
430	41	8	24
431	39	7	23
432	40	7	23
433	27	43	11
434	39	7	23
435	21	37	5
436	21	37	7
437	21	37	5
438	19	36	3
439	23	40	7
440	5	21	37
441	27	43	11
442	11	27	43
443	27	43	11
444	37	5	21
445	41	8	25
446	23	40	7
447	43	11	27
448	25	42	11
449	37	5	23
450	5	21	38
451	43	10	26
452	25	41	9
453	7	23	39
454	8	25	41
455	4	21	39
456	25	41	9
457	43	10	26
458	37	5	21
459	5	21	37
460	10	27	43
461	7	23	39
462	8	24	41
463	27	43	11
464	5	21	39
465	25	41	8
466	9	25	41
467	7	23	39
468	3	19	35
469	27	43	10
470	25	41	9
471	23	39	7
472	9	25	42
473	38	5	22
474	41	8	25
475	10	26	43
476	7	23	40
477	25	42	11
478	39	8	25
479	5	21	38
480	41	8	24
481	35	3	21
482	23	40	7
483	19	36	3
484	36	3	22
485	22	38	7
486	36	3	21
487	8	25	41
488	37	3	21
489	23	39	8
490	25	41	11
491	23	37	7
492	35	4	21
493	27	43	11
494	41	9	27
495	23	39	7
496	41	9	25
497	19	35	3
498	35	3	21
499	9	25	41
500	21	38	5
501	37	5	21
502	8	24	41
503	3	19	35
504	23	39	6
505	7	25	41
506	26	43	10
507	21	37	5
508	19	35	5
509	19	35	5
510	21	35	4
511	10	27	43
512	7	23	40
513	43	11	27
514	5	21	38
515	11	27	43
516	43	10	27
517	21	37	5
518	21	37	5
519	4	21	37
520	27	43	11
521	41	9	25
522	45	11	27
523	37	5	21
524	21	37	5
525	7	23	39
526	6	23	39
527	25	41	10
528	23	39	7
529	21	38	5
530	42	9	25
531	19	36	3
532	35	3	21
533	23	39	5
534	7	23	39
535	25	41	9
536	35	3	21
537	7	23	40
538	40	7	23
539	27	43	11
540	39	7	25
541	41	8	24
542	8	24	41
543	5	21	38
544	41	9	25
545	8	25	43
546	23	39	7
547	10	26	43
548	23	39	6
549	25	41	9
550	24	41	4
551	5	21	37
552	19	36	5
553	35	3	21
554	5	21	37
555	5	21	37
556	38	5	21
557	11	27	43
558	21	37	4
559	35	3	19
560	43	11	27
561	3	19	37
562	23	39	7
563	21	37	5
564	7	23	40
565	7	23	40
566	37	4	21
567	42	9	25
568	26	43	10
569	3	19	37
570	37	4	21
571	38	5	21
572	7	23	40
573	27	43	11
574	27	43	11
575	38	5	23
576	25	41	9
577	42	9	25
578	41	8	26
579	38	5	22
580	41	9	27
581	10	27	43
582	38	5	23
583	39	6	23
584	23	39	7
585	43	10	27
586	22	38	5
587	23	39	7
588	5	21	38
589	10	27	43
590	35	3	19
591	23	39	7
592	25	41	9
593	7	23	40
594	37	5	21
595	20	36	5
596	21	35	4
597	7	23	41
598	3	19	35
599	7	23	40
600	7	23	41
601	23	40	9
602	7	23	40
603	23	39	8
604	41	8	25
605	7	23	39
606	21	37	6
607	5	21	38
608	35	3	19
609	7	23	40
610	37	5	21
611	9	25	41
612	43	11	27
613	8	25	41
614	39	7	23
615	35	3	19
616	22	38	5
617	39	6	23
618	38	5	21
619	25	41	9
620	5	21	37
621	36	3	22
622	8	24	41
623	23	40	7
624	39	6	23
625	3	20	36
626	3	19	37
627	39	6	23
628	42	9	27
629	3	19	35
630	41	9	25
631	38	5	23
632	25	41	9
633	25	41	8
634	5	21	37
635	7	23	41
636	22	38	5
637	25	41	10
638	23	40	7
639	21	37	5
640	39	7	23
641	27	43	11
642	6	23	41
643	43	11	27
644	41	8	25
645	22	38	7
646	25	41	9
647	9	25	41
648	3	19	36
649	27	43	10
650	3	20	36
651	27	43	10
652	43	10	26
653	10	26	43
654	20	36	3
655	23	40	9
656	21	37	5
657	3	19	38
658	5	21	37
659	41	8	25
660	5	22	40
661	39	6	25
662	3	19	38
663	6	23	39
664	43	10	26
665	7	23	39
666	5	22	38
667	9	25	41
668	43	11	27
669	23	39	6
670	5	21	38
671	9	25	41
672	39	7	23
673	26	43	10
674	21	38	5
675	39	7	25
676	40	7	23
677	25	41	9
678	22	38	5
679	38	5	21
680	43	11	27
681	19	35	3
682	27	42	11
683	35	3	21
684	23	40	7
685	9	25	42
686	25	42	9
687	37	5	21
688	9	25	41
689	23	39	8
690	39	6	23
691	41	8	25
692	38	5	23
693	25	41	8
694	39	7	25
695	3	21	45
696	22	38	5
697	41	8	25
698	41	9	25
699	36	3	20
700	23	39	6
701	36	3	20
702	37	5	21
703	38	5	23
704	39	6	23
705	37	5	23
706	7	23	40
707	5	21	37
708	37	5	21
709	11	27	43
710	3	20	36
711	23	37	6
712	19	36	3
713	4	21	37
714	39	7	23
715	21	37	5
716	10	26	43
717	24	41	8
718	23	39	7
719	19	35	5
720	3	20	36
721	41	9	25
722	9	25	43
723	3	19	36
724	6	23	39
725	21	37	6
726	41	8	25
727	5	21	39
728	22	38	5
729	26	43	10
730	3	19	35
731	21	37	5
732	9	25	41
733	7	23	39
734	25	41	9
735	23	39	7
736	5	21	37
737	41	9	25
738	11	27	43
739	41	8	25
740	27	43	11
741	37	5	21
742	21	37	5
743	41	9	25
744	4	21	37
745	25	41	9
746	7	23	40
747	39	7	23
748	43	10	26
749	41	11	27
750	41	9	25
751	3	19	37
752	25	41	8
753	35	3	19
754	11	27	43
755	28	44	8
756	41	8	25
757	7	23	39
758	8	26	43
759	3	20	38
760	9	25	43
761	5	21	40
762	42	9	27
763	38	5	23
764	55	71	39
765	3	19	37
766	7	23	40
767	39	7	23
768	4	21	37
769	43	11	27
770	43	10	26
771	19	35	5
772	25	41	8
773	23	40	7
774	5	21	37
775	39	6	23
776	3	19	37
777	25	41	11
778	23	39	7
779	6	23	41
780	21	37	5
781	23	39	7
782	39	7	25
783	38	5	23
784	39	7	23
785	27	43	11
786	3	20	38
787	39	7	23
788	10	27	43
789	21	37	4
790	9	25	41
791	9	27	43
792	39	6	23
793	19	35	5
794	25	42	9
795	41	8	25
796	5	21	37
797	39	7	25
798	37	5	21
799	41	9	25
800	23	40	9
801	25	42	9
802	9	25	41
803	21	37	7
804	23	39	6
805	3	19	35
806	4	21	37
807	40	7	23
808	21	40	5
809	25	41	11
810	19	35	3
811	41	9	25
812	21	37	5
813	39	7	23
814	38	5	23
815	5	21	37
816	41	7	25
817	9	25	43
818	8	24	41
819	25	42	9
820	39	7	25
821	43	10	26
822	19	35	3
823	3	19	37
824	35	3	21
825	36	3	21
826	27	43	10
827	3	19	35
828	25	41	10
829	23	39	6
830	24	41	8
831	38	5	22
832	27	43	11
833	11	27	43
834	41	9	25
835	25	41	9
836	7	25	49
837	21	37	5
838	23	39	6
839	27	43	11
840	58	75	3
841	21	37	7
842	21	37	6
843	23	39	7
844	5	22	38
845	3	19	37
846	41	9	25
847	8	25	41
848	39	8	25
849	51	7	29
850	41	9	25
851	23	39	9
852	39	6	24
853	7	23	41
854	3	19	35
855	35	3	19
856	21	37	5
857	7	23	39
858	41	11	27
859	7	23	39
860	41	8	25
861	3	19	37
862	27	43	11
863	25	41	9
864	7	23	41
865	41	9	25
866	38	5	22
867	23	40	9
868	25	41	10
869	25	41	11
870	19	35	5
871	7	23	40
872	8	24	41
873	37	6	23
874	46	3	24
875	23	39	8
876	7	23	40
877	8	25	41
878	25	41	9
879	7	23	39
880	19	35	3
881	27	43	11
882	9	25	43
883	7	23	40
884	9	25	41
885	43	10	27
886	41	8	24
887	23	39	7
888	37	5	21
889	25	41	9
890	5	21	39
891	37	5	21
892	38	5	21
893	21	38	5
894	23	39	7
895	5	23	39
896	37	4	21
897	21	37	7
898	19	37	3
899	41	9	27
900	36	3	19
901	38	5	23
902	8	25	41
903	11	27	43
904	37	4	21
905	25	41	9
906	25	41	9
907	25	41	11
908	35	3	21
909	41	8	25
910	7	23	40
911	4	21	37
912	22	38	7
913	7	23	40
914	3	19	37
915	5	22	38
916	36	3	21
917	22	38	5
918	11	27	43
919	41	10	27
920	8	28	46
921	23	39	6
922	34	52	8
923	23	40	7
924	25	41	9
925	23	39	9
926	9	25	41
927	8	25	41
928	23	39	8
929	41	9	27
930	43	11	27
931	41	8	25
932	22	38	7
933	23	37	7
934	10	27	43
935	23	39	7
936	39	7	23
937	23	39	8
938	19	35	5
939	43	9	27
940	21	37	5
941	19	35	3
942	25	41	11
943	9	25	41
944	9	25	42
945	6	30	46
946	5	21	37
947	8	24	41
948	39	6	24
949	22	38	5
950	27	41	11
951	21	37	5
952	23	37	6
953	4	21	37
954	43	10	26
955	25	41	11
956	39	7	23
957	5	21	37
958	21	37	4
959	36	52	14
960	3	19	35
961	43	11	27
962	7	23	39
963	23	39	6
964	3	20	38
965	9	25	43
966	4	21	37
967	43	10	26
968	7	23	40
969	35	3	19
970	40	7	23
971	7	23	39
972	23	39	9
973	7	23	40
974	5	21	38
975	3	19	35
976	3	19	36
977	3	20	36
978	21	37	5
979	9	25	43
980	37	5	21
981	21	37	4
982	41	7	25
983	37	5	21
984	39	7	23
985	37	5	21
986	8	24	43
987	22	38	5
988	35	3	21
989	36	3	21
990	7	23	42
991	11	27	43
992	7	23	42
993	5	21	39
994	21	37	7
995	37	5	21
996	7	23	40
997	43	11	27
998	8	24	41
999	25	41	9
