
Reaction test v3
type	A+B+C
number	1000

max value	65536
unit	us

test	A	B	C
0	419	797	881
1	738	80	165
2	215	593	679
3	478	856	939
4	1028	371	455
5	1011	352	438
6	218	596	682
7	429	807	893
8	384	764	848
9	121	499	585
10	880	223	306
11	801	142	227
12	184	563	646
13	628	1006	55
14	423	802	887
15	765	108	192
16	196	574	660
17	947	288	373
18	54	432	518
19	995	338	422
20	783	127	212
21	936	279	363
22	769	112	196
23	722	65	149
24	752	95	179
25	798	142	227
26	318	697	782
27	582	960	8
28	204	584	668
29	556	934	1020
30	720	63	149
31	686	27	113
32	359	739	823
33	464	842	928
34	427	805	891
35	1022	365	448
36	331	709	793
37	249	627	713
38	312	691	776
39	909	253	336
40	185	563	649
41	119	498	583
42	168	546	632
43	342	722	806
44	877	220	306
45	612	990	39
46	243	621	707
47	438	818	901
48	763	106	192
49	434	812	898
50	39	417	502
51	945	288	372
52	57	435	521
53	108	486	572
54	894	235	321
55	1006	348	433
56	151	529	615
57	100	480	564
58	1033	376	460
59	215	593	678
60	232	610	694
61	726	67	153
62	661	3	88
63	230	610	696
64	74	454	538
65	324	704	787
66	46	426	510
67	979	322	408
68	264	642	728
69	724	65	151
70	791	132	218
71	284	662	748
72	532	910	995
73	890	233	317
74	250	629	712
75	408	786	871
76	130	508	594
77	264	644	727
78	765	106	192
79	246	625	710
80	251	629	715
81	344	724	808
82	405	783	867
83	921	262	348
84	701	44	130
85	265	644	729
86	165	543	626
87	660	1038	87
88	1035	378	462
89	584	962	11
90	387	765	851
91	50	428	514
92	473	851	935
93	301	679	765
94	260	638	724
95	816	159	244
96	985	328	412
97	498	876	962
98	623	1001	50
99	1016	359	445
100	554	932	1016
101	509	889	973
102	688	29	115
103	840	183	269
104	419	797	883
105	714	57	143
106	606	984	35
107	547	925	1010
108	666	7	93
109	117	495	581
110	406	784	870
111	498	878	961
112	613	991	40
113	894	237	323
114	347	725	810
115	573	951	1037
116	130	509	594
117	553	931	1017
118	768	112	197
119	892	235	319
120	458	836	922
121	507	886	969
122	651	1029	80
123	198	576	659
124	728	71	154
125	810	153	239
126	316	694	780
127	498	876	962
128	67	445	529
129	481	861	945
130	714	57	141
131	277	655	741
132	230	608	693
133	571	949	1035
134	258	636	722
135	780	123	209
136	529	908	993
137	825	167	252
138	866	207	293
139	151	531	615
140	1027	368	454
141	746	88	173
142	630	1008	59
143	400	778	864
144	1011	354	440
145	253	631	714
146	543	920	1003
147	208	1622	672
148	299	679	763
149	328	706	792
150	125	503	589
151	441	821	905
152	53	431	517
153	478	856	941
154	1037	380	464
155	922	265	351
156	797	140	223
157	243	621	706
158	270	648	733
159	1013	356	439
160	82	460	546
161	18	397	482
162	400	778	864
163	939	283	368
164	93	473	556
165	627	1005	54
166	110	488	573
167	231	609	695
168	119	497	583
169	410	788	874
170	193	571	656
171	11	389	474
172	573	953	1037
173	185	565	649
174	348	726	812
175	622	1000	48
176	180	558	642
177	97	475	560
178	778	120	205
179	507	885	971
180	12	392	476
181	507	887	971
182	952	295	379
183	631	1009	58
184	733	75	158
185	1024	365	451
186	425	805	889
187	50	428	514
188	321	700	785
189	254	633	718
190	20	398	484
191	57	435	521
192	517	895	979
193	733	74	160
194	356	734	820
195	714	55	141
196	86	464	550
197	132	510	596
198	492	871	956
199	761	104	188
200	776	118	203
201	738	79	165
202	269	648	731
203	119	497	581
204	80	458	543
205	541	921	1005
206	200	578	664
207	99	477	563
208	854	196	281
209	595	973	22
210	327	705	791
211	988	331	417
212	954	297	381
213	145	524	609
214	616	994	42
215	266	644	728
216	69	449	533
217	675	18	104
218	265	643	729
219	9	387	473
220	663	4	90
221	601	979	28
222	584	962	11
223	645	1023	72
224	350	728	814
225	812	155	239
226	124	503	588
227	820	163	248
228	985	328	413
229	327	707	791
230	267	645	731
231	260	638	723
232	273	653	738
233	22	400	486
234	743	86	171
235	844	185	271
236	757	98	184
237	463	843	927
238	1015	356	442
239	166	544	628
240	395	773	859
241	602	981	29
242	956	300	383
243	767	110	196
244	726	67	153
245	532	910	995
246	9	387	472
247	307	685	771
248	460	839	922
249	423	803	889
250	29	407	493
251	541	919	1004
252	331	710	795
253	343	721	806
254	157	535	621
255	164	542	628
256	653	1031	80
257	953	294	379
258	76	454	540
259	862	205	289
260	986	330	413
261	127	505	591
262	710	53	139
263	645	1023	72
264	396	775	860
265	753	93	178
266	573	951	1037
267	344	722	806
268	500	878	962
269	595	973	22
270	1003	345	430
271	82	460	545
272	166	546	631
273	414	792	878
274	97	477	560
275	468	848	932
276	692	33	119
277	563	941	1027
278	863	206	290
279	675	16	102
280	870	213	297
281	370	749	834
282	659	1039	86
283	230	610	694
284	857	200	284
285	757	100	186
286	382	762	846
287	474	852	937
288	408	788	872
289	151	529	615
290	892	235	321
291	106	486	570
292	999	342	428
293	138	516	602
294	1029	372	458
295	130	510	594
296	876	219	305
297	324	704	788
298	9	387	472
299	868	211	294
300	767	110	194
301	949	290	376
302	684	26	111
303	387	765	851
304	498	876	962
305	5	383	469
306	780	121	206
307	808	151	235
308	288	667	752
309	125	505	589
310	426	804	890
311	3	381	467
312	701	44	128
313	999	340	426
314	971	312	398
315	992	333	419
316	718	60	145
317	819	162	248
318	110	488	573
319	56	434	520
320	442	820	906
321	714	57	143
322	724	65	150
323	1003	344	429
324	665	6	92
325	324	704	787
326	1018	361	445
327	587	965	14
328	486	864	950
329	207	585	671
330	55	433	517
331	649	1029	78
332	703	46	132
333	874	215	301
334	348	726	811
335	997	340	426
336	606	986	35
337	226	606	690
338	733	76	160
339	308	686	772
340	1009	352	436
341	153	531	616
342	757	100	186
343	228	608	692
344	731	74	160
345	1021	363	448
346	449	829	913
347	86	464	549
348	216	594	680
349	598	976	25
350	361	741	825
351	523	903	987
352	13	391	476
353	210	590	673
354	502	880	964
355	361	739	825
356	684	27	111
357	543	923	1006
358	627	1005	53
359	1033	376	460
360	761	102	188
361	893	234	319
362	123	501	586
363	220	598	684
364	858	199	285
365	307	685	771
366	709	52	136
367	534	912	997
368	359	737	821
369	341	719	805
370	269	647	733
371	920	261	347
372	716	57	143
373	691	33	118
374	136	514	600
375	256	634	720
376	219	597	683
377	966	309	395
378	791	134	218
379	500	880	964
380	52	428	512
381	342	721	806
382	327	706	791
383	187	567	651
384	752	93	177
385	219	599	685
386	186	565	650
387	539	917	1001
388	179	559	643
389	157	537	623
390	487	867	951
391	419	797	883
392	507	887	973
393	48	426	510
394	821	162	248
395	1020	361	446
396	880	221	306
397	558	937	1022
398	282	660	746
399	253	631	716
400	882	225	308
401	1024	365	449
402	417	796	879
403	217	597	680
404	465	843	928
405	783	126	210
406	31	409	495
407	368	746	832
408	566	946	1029
409	125	503	589
410	410	788	874
411	226	604	688
412	297	675	761
413	445	821	905
414	667	10	94
415	793	134	220
416	352	730	816
417	364	743	828
418	773	114	200
419	140	520	604
420	339	717	803
421	678	21	105
422	621	999	48
423	174	552	637
424	939	282	366
425	264	642	728
426	502	882	966
427	607	985	33
428	667	10	96
429	149	527	613
430	74	454	540
431	903	244	330
432	25	405	489
433	588	966	15
434	160	540	624
435	666	9	94
436	862	205	289
437	344	722	808
438	756	99	183
439	487	865	950
440	586	964	13
441	829	172	256
442	16	394	480
443	316	695	780
444	84	464	548
445	765	106	192
446	282	662	746
447	716	59	143
448	163	541	625
449	27	405	491
450	647	1025	74
451	11	391	474
452	899	243	326
453	444	824	908
454	838	181	266
455	960	301	387
456	580	958	5
457	216	595	680
458	454	833	918
459	312	690	776
460	149	529	613
461	847	191	276
462	988	329	415
463	589	967	18
464	789	132	218
465	192	572	658
466	879	222	308
467	67	445	530
468	589	967	16
469	586	964	13
470	113	491	577
471	155	533	619
472	240	618	703
473	1012	355	439
474	961	303	388
475	907	249	334
476	396	774	860
477	243	621	707
478	368	746	832
479	354	734	818
480	91	469	555
481	668	9	94
482	507	885	971
483	582	960	9
484	879	222	308
485	593	973	20
486	533	912	997
487	930	272	357
488	252	630	716
489	610	988	39
490	125	503	587
491	472	852	936
492	1020	361	447
493	241	619	703
494	206	584	669
495	460	838	922
496	558	936	1022
497	545	925	1008
498	877	219	304
499	106	485	570
500	526	904	990
501	132	510	594
502	966	309	395
503	780	123	207
504	433	813	896
505	14	392	478
506	436	816	902
507	275	655	739
508	130	510	594
509	238	616	700
510	580	958	7
511	414	792	878
512	724	65	151
513	836	179	265
514	515	893	979
515	31	410	495
516	971	314	398
517	364	744	828
518	791	132	218
519	735	76	162
520	571	951	1035
521	481	859	943
522	469	849	933
523	386	764	850
524	632	1010	59
525	853	196	281
526	935	278	364
527	690	31	117
528	999	342	428
529	421	799	885
530	985	328	411
531	1014	357	441
532	808	151	235
533	59	437	523
534	361	741	825
535	145	523	609
536	526	904	990
537	575	951	1036
538	466	844	930
539	911	254	340
540	930	273	359
541	1016	357	443
542	532	910	994
543	384	762	845
544	990	333	416
545	438	816	902
546	402	780	866
547	301	679	765
548	503	883	967
549	571	949	1035
550	675	18	103
551	756	97	183
552	1023	367	452
553	453	831	917
554	388	766	849
555	604	982	31
556	748	91	174
557	530	908	994
558	595	973	22
559	752	95	179
560	941	284	370
561	343	721	806
562	332	712	795
563	661	1039	88
564	188	566	652
565	123	502	585
566	889	232	316
567	91	469	555
568	923	266	351
569	919	260	346
570	945	288	372
571	345	723	806
572	174	552	637
573	539	919	1003
574	979	322	406
575	701	45	130
576	487	865	951
577	105	483	566
578	964	307	392
579	63	443	529
580	449	829	913
581	799	142	228
582	324	702	786
583	714	55	141
584	537	915	999
585	962	303	389
586	57	437	521
587	179	559	643
588	153	531	616
589	759	102	188
590	566	944	1029
591	957	300	385
592	681	22	108
593	556	934	1018
594	129	507	593
595	245	625	709
596	862	205	289
597	127	505	591
598	283	661	746
599	711	54	138
600	776	117	203
601	718	59	145
602	123	503	587
603	541	919	1005
604	1022	363	449
605	964	307	393
606	54	434	518
607	523	901	986
608	385	762	847
609	871	215	298
610	722	63	149
611	260	638	722
612	679	20	106
613	482	862	945
614	653	1031	80
615	644	1024	73
616	677	20	104
617	770	114	199
618	243	621	707
619	1028	371	456
620	108	488	572
621	461	841	924
622	141	519	605
623	253	629	713
624	549	927	1011
625	638	1016	67
626	31	409	494
627	770	111	197
628	29	407	493
629	382	760	844
630	273	651	734
631	886	230	315
632	190	569	652
633	1026	369	453
634	888	232	315
635	20	398	484
636	610	988	37
637	90	468	553
638	339	717	803
639	825	168	254
640	210	590	673
641	69	447	533
642	153	531	617
643	588	966	14
644	528	906	990
645	981	322	407
646	734	79	163
647	701	44	128
648	979	322	407
649	462	840	926
650	506	884	970
651	25	403	489
652	308	686	770
653	355	734	819
654	352	732	816
655	148	526	609
656	185	563	649
657	727	68	154
658	509	887	973
659	665	7	92
660	80	460	543
661	104	482	568
662	675	18	104
663	915	257	342
664	823	168	251
665	825	168	254
666	879	222	308
667	271	649	735
668	614	992	41
669	78	456	540
670	286	664	749
671	552	930	1016
672	248	626	712
673	923	266	352
674	307	685	771
675	715	58	142
676	705	48	134
677	281	659	743
678	960	303	387
679	432	810	896
680	943	286	372
681	625	1003	52
682	273	653	737
683	301	679	764
684	576	954	3
685	972	315	398
686	834	175	261
687	883	227	310
688	256	634	720
689	873	215	300
690	928	271	354
691	591	969	18
692	402	780	866
693	178	556	642
694	22	402	486
695	157	535	618
696	153	533	617
697	262	642	726
698	178	558	642
699	419	798	883
700	363	741	827
701	207	585	671
702	823	166	250
703	372	751	834
704	453	829	915
705	665	8	92
706	70	450	534
707	349	729	813
708	950	291	375
709	636	1014	63
710	526	904	990
711	580	958	6
712	138	517	602
713	89	468	553
714	222	600	686
715	673	14	100
716	509	887	973
717	155	533	617
718	35	413	498
719	711	54	138
720	468	848	931
721	505	883	967
722	476	854	940
723	96	475	560
724	366	744	830
725	479	857	941
726	610	988	37
727	641	1020	68
728	158	538	622
729	79	459	545
730	10	388	474
731	728	69	155
732	132	510	596
733	862	203	289
734	960	301	385
735	700	41	127
736	780	123	207
737	55	435	519
738	52	432	516
739	33	412	497
740	859	202	288
741	314	692	778
742	798	141	227
743	971	314	398
744	206	584	668
745	427	807	891
746	761	104	190
747	795	136	222
748	647	1026	76
749	217	597	681
750	50	430	513
751	269	647	733
752	879	222	308
753	634	1013	61
754	222	601	686
755	786	129	214
756	616	994	43
757	235	613	697
758	479	858	941
759	46	426	510
760	972	315	400
761	67	445	534
762	234	612	697
763	494	872	958
764	875	218	306
765	949	292	378
766	980	322	407
767	146	524	609
768	708	51	135
769	396	775	860
770	1035	378	462
771	38	416	500
772	532	912	996
773	638	1016	67
774	20	398	481
775	675	18	103
776	383	761	847
777	907	248	334
778	355	733	817
779	608	986	37
780	326	704	797
781	168	546	632
782	866	209	295
783	776	121	205
784	163	543	627
785	138	513	598
786	445	823	907
787	123	501	585
788	968	311	395
789	35	413	499
790	349	728	811
791	423	801	886
792	773	114	200
793	451	831	915
794	25	403	489
795	277	655	741
796	288	666	751
797	748	90	175
798	1038	380	465
799	166	546	630
800	355	733	819
801	163	543	626
802	733	76	162
803	939	282	368
804	556	936	1020
805	686	29	113
806	825	168	254
807	1029	372	458
808	885	227	312
809	763	106	192
810	1001	344	430
811	427	805	891
812	355	733	819
813	817	161	246
814	755	99	182
815	532	910	994
816	279	657	741
817	556	934	1019
818	11	391	475
819	730	73	157
820	666	7	93
821	11	389	474
822	978	321	405
823	830	173	257
824	593	971	20
825	496	874	960
826	618	996	45
827	665	8	92
828	106	484	570
829	608	986	35
830	982	325	411
831	956	298	383
832	846	187	273
833	145	525	611
834	468	846	930
835	481	861	945
836	520	900	986
837	791	135	218
838	250	628	714
839	640	1018	67
840	758	99	184
841	498	876	962
842	440	820	903
843	998	341	427
844	857	200	285
845	115	494	579
846	63	443	527
847	112	492	575
848	151	529	613
849	943	287	372
850	389	767	851
851	103	481	565
852	489	867	952
853	743	86	170
854	806	149	234
855	546	924	1010
856	778	121	207
857	97	475	561
858	352	730	816
859	151	530	615
860	710	52	137
861	55	431	517
862	819	162	246
863	252	632	716
864	114	494	578
865	484	864	948
866	108	487	572
867	121	499	585
868	183	563	646
869	737	80	165
870	999	342	428
871	434	814	898
872	951	294	379
873	144	522	606
874	610	988	37
875	297	675	759
876	707	48	134
877	891	232	318
878	356	734	820
879	5	383	469
880	404	783	868
881	644	1022	71
882	340	720	804
883	797	138	223
884	474	854	937
885	6	386	472
886	7	387	472
887	393	772	857
888	277	655	741
889	489	867	951
890	578	956	5
891	712	55	139
892	316	694	780
893	591	969	18
894	406	784	870
895	723	65	150
896	857	204	286
897	352	730	816
898	951	294	378
899	414	792	878
900	160	542	624
901	211	589	675
902	898	243	325
903	881	224	310
904	569	951	1033
905	650	1028	78
906	464	844	928
907	204	582	667
908	60	440	523
909	1016	359	445
910	313	691	776
911	370	750	834
912	29	409	493
913	846	187	273
914	268	646	732
915	295	673	757
916	787	131	214
917	372	752	836
918	963	306	390
919	866	209	295
920	419	797	883
921	655	1031	82
922	980	322	407
923	876	219	304
924	636	1014	63
925	352	730	816
926	166	544	628
927	388	766	851
928	153	531	617
929	273	651	736
930	436	814	900
931	358	738	821
932	1037	380	464
933	934	277	362
934	1009	350	436
935	313	691	776
936	111	490	575
937	726	69	152
938	587	965	14
939	66	445	530
940	86	466	549
941	181	559	645
942	341	719	805
943	915	258	341
944	472	852	936
945	597	975	23
946	269	649	733
947	625	1003	52
948	843	186	270
949	633	1011	60
950	430	809	894
951	891	234	318
952	578	958	4
953	126	505	590
954	503	881	967
955	335	713	799
956	434	814	898
957	411	791	877
958	651	1029	78
959	892	233	319
960	945	288	374
961	733	76	161
962	353	731	815
963	784	127	211
964	845	187	272
965	761	104	188
966	502	880	965
967	842	185	268
968	256	634	720
969	840	183	268
970	534	912	998
971	357	735	821
972	668	11	95
973	228	608	691
974	621	999	49
975	55	434	519
976	716	59	145
977	684	27	111
978	508	888	971
979	915	258	342
980	398	777	862
981	636	1014	63
982	939	280	366
983	879	220	306
984	431	809	894
985	606	986	34
986	289	668	751
987	729	72	156
988	71	449	533
989	660	3	89
990	647	1025	76
991	391	770	855
992	288	666	752
993	636	1016	65
994	406	785	870
995	361	741	825
996	896	239	323
997	643	1021	70
998	388	768	851
999	876	219	304
