
Reaction test v3
type	A+B+C
number	1000

max value	65536
unit	us

test	A	B	C
0	36	5	21
1	19	35	5
2	36	3	19
3	23	39	8
4	40	7	25
5	37	5	21
6	25	41	10
7	41	8	26
8	37	5	21
9	7	23	39
10	3	20	36
11	37	6	23
12	23	39	6
13	38	7	23
14	41	8	25
15	5	21	37
16	40	7	23
17	39	8	25
18	7	23	40
19	7	21	37
20	35	3	19
21	27	43	8
22	23	39	8
23	4	21	37
24	9	25	41
25	21	37	7
26	19	35	4
27	21	38	7
28	41	10	26
29	41	11	27
30	39	8	25
31	3	19	35
32	36	5	21
33	23	39	7
34	39	8	24
35	19	36	5
36	5	21	37
37	7	23	39
38	41	9	25
39	39	6	23
40	37	5	21
41	21	37	7
42	25	41	9
43	41	9	25
44	41	10	27
45	35	3	19
46	42	9	25
47	11	27	43
48	36	5	22
49	7	23	39
50	6	21	37
51	23	37	7
52	5	21	38
53	23	39	7
54	3	19	35
55	37	5	23
56	40	9	25
57	27	41	11
58	35	4	21
59	5	21	38
60	41	9	25
61	37	4	21
62	39	8	25
63	35	3	21
64	37	5	21
65	39	8	25
66	39	5	23
67	31	45	15
68	35	3	19
69	5	21	37
70	36	5	21
71	41	9	25
72	37	4	21
73	41	11	27
74	21	36	5
75	5	21	37
76	25	41	8
77	3	20	36
78	9	23	40
79	23	40	9
80	5	22	38
81	7	21	37
82	9	29	45
83	23	39	9
84	37	5	21
85	6	23	39
86	9	25	42
87	21	38	7
88	25	41	9
89	9	25	41
90	39	9	25
91	9	25	41
92	45	10	30
93	38	5	22
94	21	37	5
95	40	7	23
96	35	3	19
97	42	11	27
98	21	37	5
99	24	41	8
100	19	35	3
101	40	9	25
102	5	21	37
103	39	6	23
104	40	9	25
105	23	40	9
106	20	36	3
107	3	19	36
108	5	21	37
109	37	7	23
110	10	25	41
111	11	25	42
112	39	7	23
113	21	37	7
114	20	36	5
115	39	7	23
116	3	20	36
117	39	6	23
118	7	21	37
119	35	3	19
120	3	19	35
121	37	7	23
122	21	38	7
123	3	19	35
124	21	37	7
125	39	8	25
126	19	35	5
127	5	21	37
128	25	41	11
129	21	37	7
130	23	38	7
131	35	3	19
132	5	21	37
133	5	19	37
134	7	21	37
135	8	25	41
136	38	7	23
137	20	36	3
138	21	38	7
139	19	35	5
140	27	42	11
141	37	5	21
142	7	23	39
143	36	5	21
144	5	20	36
145	7	23	39
146	6	23	39
147	25	39	8
148	24	41	10
149	41	9	25
150	38	5	21
151	9	25	41
152	5	21	37
153	19	36	3
154	19	36	5
155	9	25	41
156	22	38	7
157	37	4	21
158	5	19	36
159	39	9	25
160	25	41	10
161	23	40	7
162	9	25	41
163	25	41	10
164	37	5	21
165	21	35	5
166	39	8	25
167	21	37	5
168	19	35	3
169	21	37	4
170	35	3	19
171	9	23	40
172	19	35	5
173	25	41	10
174	40	9	25
175	39	9	25
176	23	39	8
177	25	39	8
178	8	25	41
179	36	3	20
180	8	24	41
181	41	9	25
182	37	4	21
183	21	36	5
184	23	39	6
185	6	21	39
186	5	19	35
187	37	7	23
188	3	19	35
189	21	37	4
190	38	5	21
191	37	6	23
192	7	23	39
193	19	35	3
194	3	19	35
195	7	23	40
196	7	23	39
197	37	5	21
198	37	5	23
199	20	36	3
200	25	42	11
201	23	39	8
202	38	5	21
203	39	7	23
204	4	19	37
205	35	4	21
206	21	37	5
207	40	7	23
208	7	23	39
209	8	25	41
210	5	19	35
211	38	5	21
212	11	25	41
213	5	19	37
214	36	3	20
215	25	41	9
216	8	23	39
217	21	37	5
218	23	39	9
219	5	19	35
220	37	5	21
221	9	25	41
222	41	11	27
223	25	39	9
224	3	19	36
225	3	19	35
226	38	5	21
227	9	25	41
228	41	9	25
229	5	19	36
230	6	23	41
231	25	39	8
232	7	23	39
233	8	25	41
234	7	23	39
235	23	38	7
236	37	7	23
237	41	11	27
238	8	25	41
239	8	25	41
240	21	37	4
241	7	21	37
242	40	9	25
243	5	21	38
244	21	37	5
245	9	25	41
246	23	38	7
247	21	37	6
248	10	25	41
249	41	10	27
250	6	23	39
251	36	3	19
252	6	23	39
253	37	7	23
254	23	39	8
255	36	5	22
256	7	23	39
257	9	23	39
258	39	8	24
259	11	25	41
260	35	4	21
261	5	21	37
262	23	37	6
263	5	21	37
264	38	5	21
265	41	10	27
266	5	19	36
267	9	25	42
268	41	11	27
269	3	19	35
270	23	39	9
271	5	20	36
272	23	39	6
273	19	35	3
274	37	5	21
275	8	25	41
276	41	9	25
277	9	25	41
278	7	23	39
279	4	21	37
280	8	25	41
281	23	39	8
282	27	43	10
283	25	41	10
284	23	39	8
285	41	11	27
286	38	5	23
287	39	7	23
288	39	8	24
289	10	26	43
290	41	8	25
291	21	37	5
292	7	23	40
293	5	22	38
294	25	41	10
295	19	35	4
296	40	9	25
297	21	37	5
298	3	20	36
299	7	23	40
300	4	21	37
301	4	21	41
302	35	5	21
303	25	41	9
304	39	8	25
305	3	19	35
306	25	41	11
307	23	40	9
308	5	20	36
309	23	39	8
310	35	4	21
311	7	23	39
312	19	35	5
313	35	3	19
314	40	7	23
315	40	7	23
316	25	41	10
317	25	41	8
318	7	21	39
319	42	9	25
320	5	21	37
321	21	37	5
322	3	19	36
323	7	23	40
324	39	7	25
325	20	36	3
326	25	39	8
327	23	39	8
328	9	25	73
329	5	22	38
330	39	6	25
331	21	37	6
332	8	25	41
333	38	7	23
334	37	7	23
335	36	3	20
336	11	25	41
337	41	9	27
338	7	23	39
339	7	23	40
340	3	19	35
341	20	36	3
342	7	23	39
343	8	23	41
344	25	41	11
345	7	23	39
346	21	37	5
347	23	37	7
348	9	25	41
349	23	39	8
350	3	19	35
351	38	7	23
352	39	7	23
353	23	40	7
354	39	6	23
355	6	23	39
356	23	39	6
357	24	41	8
358	4	21	37
359	6	23	39
360	23	40	9
361	24	41	10
362	5	21	37
363	21	37	7
364	11	25	41
365	41	9	25
366	5	19	35
367	7	21	40
368	35	3	19
369	35	3	19
370	37	5	21
371	41	8	24
372	27	41	11
373	9	25	41
374	21	38	7
375	19	35	5
376	7	23	39
377	25	41	10
378	35	5	21
379	39	6	23
380	36	3	19
381	42	11	27
382	23	39	8
383	7	23	39
384	38	5	21
385	7	23	39
386	3	19	35
387	37	5	21
388	25	41	11
389	3	19	36
390	7	23	39
391	38	7	23
392	3	19	36
393	19	35	3
394	42	9	25
395	7	23	40
396	21	37	5
397	37	6	23
398	23	40	9
399	41	9	25
400	7	23	40
401	5	19	37
402	9	25	41
403	41	10	27
404	39	6	23
405	45	7	29
406	9	25	42
407	36	3	21
408	7	23	40
409	39	7	23
410	36	3	20
411	19	36	3
412	7	23	39
413	41	8	25
414	23	37	7
415	19	35	4
416	25	41	9
417	23	39	7
418	36	5	21
419	40	7	23
420	39	5	21
421	39	7	23
422	3	19	35
423	6	23	39
424	37	7	23
425	35	3	19
426	3	19	36
427	25	39	9
428	5	21	38
429	39	9	25
430	19	35	3
431	6	23	39
432	22	38	5
433	21	38	7
434	23	39	9
435	3	19	35
436	36	3	21
437	3	19	36
438	36	3	20
439	3	19	36
440	37	7	23
441	5	19	36
442	10	25	41
443	39	8	25
444	39	9	25
445	3	19	35
446	25	41	10
447	38	5	21
448	38	5	21
449	41	10	27
450	9	25	41
451	9	25	41
452	35	3	19
453	23	37	7
454	39	7	23
455	9	25	41
456	36	5	21
457	35	3	19
458	22	38	7
459	39	7	23
460	3	20	36
461	38	7	23
462	21	37	6
463	21	37	6
464	9	25	41
465	4	21	37
466	5	21	37
467	23	39	6
468	25	41	9
469	19	35	5
470	41	9	25
471	21	36	5
472	9	23	41
473	3	19	35
474	39	8	25
475	6	21	37
476	23	39	8
477	37	5	21
478	21	38	7
479	3	19	35
480	39	6	23
481	36	3	20
482	23	39	9
483	21	37	5
484	38	5	21
485	21	36	5
486	21	37	7
487	36	3	19
488	11	27	43
489	36	3	22
490	23	37	6
491	42	11	27
492	7	23	40
493	25	41	10
494	3	19	35
495	41	11	27
496	20	36	3
497	5	20	36
498	25	41	9
499	27	41	11
500	21	37	5
501	11	27	43
502	41	10	27
503	27	43	11
504	6	21	39
505	41	8	25
506	20	36	5
507	21	37	7
508	7	23	41
509	23	37	7
510	35	4	21
511	37	5	23
512	19	36	5
513	11	27	43
514	3	19	35
515	38	5	23
516	7	23	39
517	5	21	37
518	35	3	19
519	11	25	43
520	6	21	37
521	37	5	21
522	19	35	5
523	37	4	21
524	5	21	37
525	8	23	39
526	41	7	23
527	5	21	37
528	5	21	38
529	38	5	22
530	10	25	43
531	23	39	7
532	25	41	9
533	3	19	35
534	5	22	38
535	5	20	36
536	3	20	36
537	10	26	43
538	39	6	23
539	23	39	7
540	23	40	7
541	41	11	27
542	27	41	11
543	5	21	37
544	41	9	25
545	6	23	39
546	47	5	27
547	41	9	25
548	41	9	25
549	25	41	9
550	37	5	21
551	41	9	25
552	23	39	8
553	39	7	23
554	25	41	10
555	41	11	27
556	5	21	37
557	5	21	37
558	7	23	39
559	6	21	39
560	6	21	37
561	25	42	11
562	41	7	27
563	23	40	9
564	20	36	5
565	40	7	23
566	41	9	25
567	25	41	8
568	36	3	20
569	3	19	35
570	20	36	5
571	9	25	41
572	25	39	9
573	7	23	39
574	7	23	39
575	43	11	27
576	25	41	9
577	21	38	7
578	40	9	25
579	8	25	41
580	5	21	37
581	25	41	8
582	21	38	5
583	36	3	19
584	25	39	9
585	6	23	39
586	19	35	5
587	9	23	39
588	40	7	23
589	41	10	27
590	26	41	10
591	38	5	21
592	37	5	21
593	38	5	21
594	36	5	22
595	9	25	42
596	41	10	26
597	39	7	23
598	20	36	5
599	9	25	41
600	3	20	36
601	23	39	9
602	5	21	38
603	8	24	41
604	3	19	36
605	25	41	10
606	5	21	37
607	21	37	6
608	25	42	9
609	5	21	37
610	24	41	10
611	23	37	7
612	19	35	4
613	5	21	37
614	23	40	7
615	21	37	5
616	39	6	23
617	11	27	43
618	19	35	3
619	23	39	9
620	19	35	5
621	21	38	7
622	39	9	25
623	3	19	35
624	36	5	21
625	3	20	36
626	23	39	8
627	23	40	7
628	7	21	37
629	25	39	9
630	5	19	37
631	39	6	23
632	21	37	4
633	35	3	19
634	7	23	39
635	21	37	5
636	9	25	42
637	25	41	11
638	7	23	39
639	21	35	5
640	21	37	6
641	19	35	5
642	25	41	9
643	9	23	41
644	9	25	41
645	21	37	7
646	37	6	23
647	39	8	25
648	9	25	42
649	23	39	9
650	41	11	27
651	23	39	9
652	3	19	36
653	39	7	23
654	41	9	25
655	19	35	3
656	37	6	23
657	22	38	5
658	35	5	21
659	25	41	9
660	39	9	25
661	10	25	41
662	37	5	23
663	3	19	35
664	8	25	41
665	41	10	27
666	26	41	10
667	37	7	23
668	25	41	10
669	25	41	10
670	8	24	41
671	39	8	24
672	19	35	4
673	25	42	9
674	25	41	11
675	7	23	40
676	21	38	7
677	23	39	6
678	3	19	35
679	4	21	37
680	22	38	5
681	41	9	25
682	25	41	9
683	19	35	5
684	24	41	8
685	3	20	36
686	7	23	39
687	25	42	11
688	19	35	5
689	3	20	36
690	23	39	8
691	7	21	38
692	10	24	41
693	21	35	5
694	9	23	40
695	5	22	38
696	3	19	35
697	38	7	23
698	37	4	21
699	23	39	7
700	5	21	37
701	39	7	23
702	35	3	19
703	19	35	3
704	7	23	39
705	3	19	36
706	39	8	24
707	38	7	23
708	7	23	39
709	21	37	4
710	7	23	39
711	3	19	35
712	7	21	39
713	25	42	9
714	21	37	5
715	25	41	11
716	23	39	7
717	41	8	25
718	25	41	11
719	8	25	41
720	36	3	19
721	6	23	39
722	25	41	10
723	21	37	7
724	23	39	6
725	9	25	41
726	20	36	3
727	36	5	21
728	25	39	8
729	23	37	7
730	23	40	9
731	41	9	25
732	25	41	11
733	37	5	21
734	25	41	9
735	41	9	25
736	22	38	5
737	3	19	35
738	39	9	25
739	39	9	25
740	8	23	41
741	41	9	25
742	6	23	39
743	41	8	26
744	3	19	36
745	25	41	9
746	9	25	41
747	21	37	5
748	23	39	9
749	5	21	38
750	5	21	37
751	35	3	19
752	25	41	11
753	39	8	25
754	41	11	27
755	21	37	6
756	41	8	26
757	25	40	9
758	42	9	27
759	8	24	41
760	5	20	36
761	19	35	5
762	25	39	9
763	19	35	5
764	35	5	21
765	39	9	25
766	36	5	22
767	41	11	27
768	9	25	41
769	37	4	23
770	25	41	11
771	37	5	21
772	39	6	24
773	19	35	5
774	21	36	5
775	19	35	4
776	10	25	41
777	3	23	39
778	41	9	25
779	42	9	25
780	41	9	25
781	41	9	25
782	38	5	23
783	19	36	3
784	3	20	36
785	6	23	39
786	39	7	23
787	3	19	35
788	8	24	41
789	40	9	25
790	7	23	39
791	41	8	25
792	19	36	3
793	9	25	41
794	23	37	7
795	19	36	5
796	21	38	7
797	21	35	5
798	39	7	25
799	7	23	39
800	5	22	38
801	25	41	9
802	7	23	39
803	36	3	19
804	7	23	40
805	8	23	41
806	21	37	7
807	6	23	39
808	36	3	19
809	7	23	40
810	21	37	7
811	36	3	20
812	23	39	7
813	29	45	13
814	36	5	21
815	23	40	7
816	36	3	20
817	5	20	38
818	8	25	41
819	26	41	10
820	7	23	40
821	35	3	19
822	37	7	23
823	19	36	5
824	21	37	7
825	37	5	23
826	35	5	21
827	25	41	9
828	7	23	40
829	37	7	23
830	41	9	25
831	38	5	22
832	39	7	25
833	19	35	5
834	41	9	25
835	23	37	6
836	37	7	23
837	22	38	7
838	25	39	8
839	20	36	3
840	25	40	9
841	37	5	21
842	24	41	8
843	23	39	9
844	19	35	5
845	42	9	25
846	23	39	9
847	39	8	25
848	5	26	45
849	21	37	6
850	7	23	39
851	23	39	9
852	23	40	7
853	25	41	10
854	6	23	39
855	39	8	24
856	7	23	39
857	39	7	23
858	7	23	39
859	7	23	39
860	39	7	23
861	5	21	37
862	25	41	8
863	27	42	11
864	21	37	6
865	3	19	36
866	37	5	21
867	25	41	9
868	25	41	11
869	39	8	25
870	19	36	5
871	38	5	21
872	25	41	9
873	5	21	37
874	40	9	25
875	25	41	11
876	35	5	21
877	3	19	35
878	36	3	19
879	3	20	36
880	7	23	40
881	7	23	39
882	25	39	9
883	39	9	25
884	38	5	21
885	25	41	11
886	25	41	11
887	21	37	6
888	8	23	39
889	37	7	23
890	20	36	5
891	19	35	5
892	39	7	23
893	21	37	7
894	5	21	37
895	23	39	6
896	6	23	39
897	42	9	25
898	41	11	27
899	10	26	43
900	25	41	8
901	25	41	9
902	25	41	10
903	5	21	38
904	38	5	21
905	8	23	39
906	37	7	23
907	25	41	9
908	11	27	43
909	7	23	39
910	35	3	19
911	3	19	36
912	19	36	3
913	42	11	27
914	41	9	25
915	25	39	8
916	5	19	41
917	21	37	5
918	8	25	41
919	22	38	5
920	39	9	25
921	19	35	3
922	23	40	7
923	3	19	35
924	35	4	21
925	40	7	23
926	7	21	40
927	19	36	5
928	21	36	5
929	41	9	25
930	35	3	19
931	19	35	5
932	37	5	21
933	19	35	5
934	20	36	3
935	7	23	40
936	38	5	21
937	19	36	5
938	21	37	6
939	5	21	37
940	5	21	37
941	37	5	21
942	23	37	6
943	36	5	21
944	37	6	23
945	7	23	39
946	21	36	5
947	19	35	5
948	19	36	5
949	21	37	5
950	9	23	41
951	23	39	6
952	9	25	41
953	8	25	41
954	3	19	35
955	22	38	5
956	41	10	27
957	37	7	23
958	40	9	25
959	6	23	39
960	5	22	38
961	19	35	5
962	23	37	7
963	7	21	37
964	19	35	5
965	3	20	36
966	19	35	4
967	22	38	7
968	25	41	11
969	19	35	3
970	23	39	9
971	41	11	27
972	21	38	5
973	24	41	8
974	5	21	37
975	40	9	25
976	42	9	25
977	38	7	23
978	9	25	42
979	42	9	25
980	9	25	41
981	35	5	21
982	25	40	9
983	19	35	4
984	21	37	4
985	37	5	21
986	9	25	41
987	41	9	25
988	39	8	25
989	24	41	10
990	41	9	25
991	5	20	36
992	9	25	41
993	35	5	21
994	8	25	41
995	5	21	37
996	35	3	19
997	39	7	23
998	38	5	21
999	41	11	27
