
Reaction test v3
type	A+B+C
number	1000

max value	65536
unit	us

test	A	B	C
0	678	8	90
1	756	86	169
2	93	458	542
3	518	889	973
4	520	887	971
5	728	58	141
6	433	798	878
7	812	144	227
8	338	705	787
9	496	861	945
10	720	52	136
11	755	81	165
12	911	239	323
13	254	619	699
14	954	284	368
15	539	903	984
16	238	603	687
17	148	513	596
18	941	269	351
19	200	565	649
20	888	218	302
21	706	38	118
22	22	385	465
23	109	474	558
24	76	441	521
25	230	597	677
26	186	551	635
27	211	575	658
28	651	1018	66
29	569	936	1018
30	947	278	362
31	960	290	370
32	203	568	648
33	796	128	212
34	421	788	868
35	287	652	735
36	325	690	774
37	930	260	344
38	1035	365	448
39	743	69	153
40	447	812	896
41	96	461	545
42	170	535	619
43	541	904	988
44	61	426	510
45	699	31	113
46	80	451	531
47	549	916	997
48	318	685	767
49	262	627	710
50	653	1018	67
51	666	1031	80
52	301	666	750
53	541	906	989
54	290	655	738
55	536	901	984
56	745	75	158
57	496	867	945
58	521	886	967
59	696	28	111
60	238	603	685
61	34	399	483
62	668	1033	78
63	922	254	334
64	919	249	332
65	518	883	967
66	284	662	737
67	519	884	967
68	549	914	998
69	868	200	282
70	999	329	411
71	659	1024	73
72	372	737	819
73	891	223	306
74	601	964	13
75	384	749	833
76	271	641	725
77	1040	370	454
78	496	861	944
79	672	1035	82
80	776	104	188
81	313	676	759
82	558	923	1007
83	213	578	662
84	35	402	484
85	234	599	680
86	293	658	742
87	810	146	226
88	778	108	192
89	1014	344	428
90	746	76	160
91	348	709	793
92	858	188	272
93	813	145	227
94	712	42	126
95	1016	352	430
96	600	963	12
97	468	833	917
98	995	325	409
99	446	811	894
100	138	503	585
101	34	398	481
102	129	494	577
103	462	827	909
104	245	610	693
105	39	404	486
106	900	232	314
107	772	104	188
108	505	870	952
109	958	288	371
110	76	441	521
111	733	63	145
112	71	434	518
113	232	599	679
114	897	228	310
115	432	797	877
116	351	716	800
117	707	37	121
118	214	579	659
119	331	696	776
120	20	387	470
121	571	936	1020
122	888	220	304
123	709	39	122
124	551	916	999
125	403	766	849
126	778	108	189
127	612	977	26
128	28	393	476
129	363	728	812
130	566	927	1011
131	237	602	684
132	158	523	607
133	393	760	840
134	642	1009	54
135	149	514	598
136	795	125	209
137	802	132	218
138	898	230	310
139	808	138	221
140	115	480	562
141	820	148	231
142	725	57	139
143	787	117	201
144	117	482	562
145	55	420	500
146	207	574	656
147	893	225	308
148	697	29	113
149	694	25	107
150	1023	353	437
151	896	226	310
152	408	773	855
153	668	1033	80
154	33	398	481
155	22	387	470
156	463	824	906
157	393	766	846
158	432	795	875
159	842	173	255
160	305	670	752
161	426	791	873
162	670	1035	84
163	201	566	646
164	428	795	875
165	309	674	754
166	419	788	870
167	915	245	328
168	374	741	821
169	140	505	587
170	412	777	861
171	1007	338	420
172	883	213	295
173	623	990	35
174	795	127	207
175	765	95	177
176	69	434	518
177	277	642	725
178	662	1027	76
179	659	1024	73
180	472	837	921
181	714	42	126
182	868	198	282
183	460	825	909
184	597	963	12
185	696	26	106
186	356	719	803
187	115	480	564
188	418	783	866
189	369	734	814
190	810	140	224
191	668	1033	80
192	705	35	119
193	431	796	878
194	222	587	667
195	990	320	402
196	151	512	596
197	181	548	631
198	941	271	355
199	245	610	694
200	367	732	816
201	1028	358	442
202	472	837	921
203	249	616	699
204	322	687	770
205	28	396	480
206	461	826	906
207	714	44	128
208	435	801	883
209	254	617	697
210	994	324	408
211	53	418	500
212	166	531	615
213	718	50	135
214	116	482	564
215	486	853	935
216	756	86	169
217	947	279	359
218	496	861	945
219	39	404	487
220	817	149	233
221	688	18	100
222	983	313	397
223	472	837	920
224	658	1023	72
225	870	200	282
226	14	379	463
227	539	904	988
228	31	396	478
229	312	677	761
230	727	59	143
231	729	59	143
232	457	822	906
233	573	939	1021
234	887	217	299
235	134	501	581
236	889	217	299
237	663	1028	73
238	858	188	272
239	455	820	902
240	41	406	490
241	275	642	723
242	653	1018	64
243	612	977	23
244	162	527	611
245	157	524	607
246	436	799	885
247	188	553	637
248	876	206	286
249	530	891	975
250	715	46	128
251	362	727	810
252	1001	331	413
253	623	988	37
254	388	753	836
255	316	681	765
256	701	33	117
257	763	95	178
258	144	509	592
259	563	928	1012
260	373	738	818
261	361	726	808
262	217	583	663
263	263	630	712
264	931	261	343
265	429	794	874
266	802	138	212
267	160	522	604
268	526	891	971
269	686	18	98
270	407	773	857
271	119	484	564
272	473	838	922
273	498	863	946
274	930	258	342
275	1025	355	439
276	477	842	926
277	1033	363	447
278	606	977	20
279	818	148	231
280	221	586	670
281	861	191	274
282	52	417	497
283	930	262	346
284	996	328	411
285	657	1022	71
286	511	876	958
287	870	200	284
288	1024	354	434
289	988	319	403
290	175	540	624
291	748	80	164
292	670	1035	83
293	73	436	519
294	309	674	758
295	189	554	636
296	118	483	566
297	455	820	904
298	466	831	911
299	580	945	1027
300	136	501	584
301	1032	363	443
302	455	820	904
303	519	884	968
304	219	584	666
305	699	31	115
306	621	984	33
307	275	640	723
308	623	988	35
309	1020	352	436
310	33	400	480
311	318	681	765
312	449	814	898
313	67	432	516
314	89	454	540
315	142	507	590
316	294	663	739
317	318	685	765
318	213	578	658
319	573	938	1022
320	534	901	983
321	23	394	476
322	138	503	586
323	301	666	746
324	534	899	982
325	103	468	552
326	817	147	231
327	335	700	784
328	322	687	771
329	417	784	868
330	598	963	10
331	303	668	752
332	258	623	703
333	464	829	909
334	87	454	534
335	181	546	628
336	681	13	93
337	787	123	199
338	812	144	226
339	402	767	851
340	88	453	535
341	50	421	501
342	967	299	383
343	846	176	260
344	728	58	139
345	701	33	114
346	993	323	405
347	18	381	465
348	505	870	954
349	1014	344	428
350	410	784	857
351	588	953	1034
352	200	565	645
353	192	559	641
354	960	290	372
355	979	309	393
356	135	505	585
357	892	222	306
358	830	159	242
359	78	443	526
360	65	432	514
361	255	620	702
362	621	986	33
363	282	647	731
364	204	569	649
365	358	723	806
366	10	379	463
367	110	475	555
368	926	256	338
369	568	933	1015
370	459	820	904
371	889	219	299
372	752	82	166
373	310	675	759
374	291	656	740
375	769	99	183
376	935	267	347
377	340	703	787
378	528	889	969
379	174	539	623
380	962	292	375
381	930	260	344
382	35	400	480
383	442	805	888
384	700	31	115
385	48	413	497
386	651	1014	65
387	54	417	501
388	24	389	469
389	89	454	538
390	964	294	383
391	348	713	797
392	97	462	546
393	926	258	339
394	498	865	948
395	898	228	311
396	745	76	156
397	808	138	222
398	867	197	280
399	1003	333	417
400	383	748	832
401	63	428	512
402	404	769	851
403	235	598	680
404	743	75	158
405	636	1003	50
406	423	792	874
407	365	730	812
408	207	572	654
409	981	317	395
410	359	724	808
411	827	157	243
412	329	694	778
413	341	706	788
414	10	371	455
415	47	412	495
416	227	592	675
417	739	73	153
418	504	867	951
419	838	170	250
420	777	107	188
421	902	232	315
422	340	705	787
423	105	470	550
424	1012	342	426
425	724	54	138
426	91	458	540
427	273	638	720
428	301	666	748
429	275	636	718
430	966	296	379
431	241	608	690
432	196	561	645
433	1022	354	437
434	226	591	673
435	462	829	911
436	642	1005	56
437	997	327	411
438	40	405	487
439	919	249	332
440	983	313	393
441	949	279	362
442	350	717	797
443	1027	359	441
444	369	734	818
445	213	578	662
446	80	445	529
447	43	408	491
448	266	631	713
449	844	174	258
450	455	820	904
451	281	644	728
452	153	520	602
453	657	1022	71
454	505	870	954
455	472	837	921
456	78	447	525
457	834	164	250
458	744	74	158
459	316	681	765
460	810	140	223
461	346	711	791
462	571	934	1018
463	325	690	774
464	365	728	812
465	810	142	226
466	273	638	722
467	117	482	564
468	937	267	351
469	416	781	864
470	810	140	224
471	770	104	180
472	471	836	920
473	964	294	378
474	907	235	319
475	1019	351	433
476	986	316	400
477	202	567	651
478	438	801	884
479	521	891	975
480	842	172	255
481	453	818	900
482	485	850	932
483	533	900	980
484	400	765	845
485	569	934	1018
486	434	797	877
487	534	902	986
488	939	271	353
489	958	289	369
490	674	1039	88
491	178	541	625
492	13	380	463
493	511	876	960
494	108	473	557
495	675	5	89
496	251	616	699
497	316	687	769
498	505	870	954
499	566	929	1011
500	749	81	163
501	104	469	553
502	703	35	115
503	801	131	214
504	468	831	911
505	634	999	48
506	670	1035	84
507	601	966	15
508	340	709	785
509	765	97	181
510	633	996	45
511	590	957	1039
512	127	492	575
513	640	1003	50
514	368	733	813
515	401	766	849
516	748	74	158
517	459	824	908
518	547	912	992
519	801	133	216
520	713	45	125
521	64	429	509
522	699	31	115
523	657	1020	71
524	1010	340	422
525	710	40	124
526	263	628	710
527	1029	357	441
528	440	803	885
529	237	606	686
530	677	7	89
531	124	486	568
532	677	9	93
533	821	141	225
534	780	112	192
535	247	612	692
536	312	677	761
537	235	598	675
538	26	389	472
539	196	563	645
540	859	190	274
541	864	196	276
542	707	37	120
543	172	537	617
544	943	275	355
545	1018	350	434
546	593	958	6
547	623	988	37
548	286	651	733
549	806	138	222
550	202	567	649
551	305	670	753
552	625	990	37
553	458	823	907
554	202	567	649
555	33	402	482
556	145	510	594
557	366	730	813
558	140	505	588
559	311	676	756
560	685	17	100
561	152	517	597
562	220	585	669
563	712	42	126
564	588	953	1037
565	836	172	248
566	538	903	986
567	299	666	746
568	221	584	666
569	842	174	258
570	416	781	865
571	369	736	819
572	640	1005	54
573	706	36	122
574	243	608	690
575	143	508	590
576	911	243	325
577	848	183	263
578	1027	357	439
579	195	560	643
580	310	675	761
581	924	254	338
582	731	61	145
583	209	574	654
584	748	78	158
585	565	930	1016
586	539	906	988
587	951	281	365
588	430	797	879
589	363	733	810
590	780	110	194
591	952	284	368
592	941	271	355
593	449	814	898
594	758	90	172
595	108	479	555
596	279	644	728
597	705	37	119
598	799	125	209
599	513	880	964
600	361	726	1846
601	410	775	861
602	25	390	476
603	616	981	27
604	866	198	278
605	638	1003	50
606	502	868	948
607	861	191	272
608	936	267	349
609	734	64	148
610	526	891	971
611	892	222	308
612	657	1020	61
613	258	625	707
614	540	901	985
615	517	882	965
616	9	374	454
617	524	893	969
618	496	863	945
619	632	993	44
620	788	118	201
621	58	419	503
622	151	516	599
623	431	796	878
624	600	965	14
625	697	27	113
626	187	552	634
627	780	112	192
628	264	629	709
629	754	85	167
630	355	720	804
631	479	846	930
632	663	1028	76
633	541	908	992
634	785	117	201
635	55	420	504
636	1028	358	441
637	478	843	926
638	384	749	829
639	858	188	272
640	1031	363	445
641	176	541	621
642	666	1033	80
643	604	973	18
644	170	535	619
645	696	29	113
646	373	738	821
647	320	685	767
648	277	642	726
649	265	630	714
650	538	903	985
651	511	876	960
652	376	1781	831
653	945	275	359
654	1009	339	421
655	910	240	323
656	393	758	843
657	388	753	836
658	1027	357	437
659	522	891	967
660	192	557	641
661	95	461	545
662	739	71	152
663	153	518	598
664	115	482	562
665	342	707	787
666	303	668	750
667	644	1011	58
668	694	31	113
669	679	11	92
670	930	260	343
671	95	462	542
672	138	503	587
673	408	773	857
674	267	634	716
675	507	872	956
676	595	960	5
677	921	251	334
678	1012	344	428
679	170	535	618
680	946	278	360
681	489	848	930
682	657	1029	74
683	954	284	368
684	898	234	312
685	12	383	461
686	254	621	703
687	615	980	31
688	251	616	699
689	114	479	562
690	149	514	598
691	832	164	246
692	992	318	400
693	119	484	568
694	541	906	988
695	739	71	155
696	964	290	372
697	314	679	761
698	114	480	564
699	290	655	737
700	641	1006	55
701	1031	361	445
702	802	132	216
703	737	68	150
704	891	221	303
705	93	460	544
706	982	312	396
707	138	505	587
708	168	535	619
709	755	87	165
710	46	411	493
711	279	646	726
712	890	220	304
713	230	595	678
714	63	429	509
715	367	743	817
716	513	884	966
717	504	869	953
718	468	833	914
719	408	775	857
720	33	400	482
721	511	876	960
722	731	63	145
723	312	679	761
724	915	245	329
725	401	766	848
726	769	100	184
727	901	233	315
728	264	629	712
729	585	952	1032
730	209	574	658
731	388	753	837
732	382	747	831
733	196	561	641
734	1031	367	447
735	33	398	480
736	474	839	922
737	536	901	985
738	660	1025	74
739	729	59	143
740	399	770	848
741	302	667	748
742	613	978	27
743	1022	352	436
744	774	106	186
745	370	735	819
746	832	164	246
747	778	129	190
748	528	893	975
749	605	970	18
750	491	856	940
751	973	303	385
752	553	918	1001
753	645	1012	59
754	196	563	645
755	66	431	515
756	830	160	244
757	651	1016	65
758	810	142	226
759	548	915	997
760	751	83	165
761	496	863	945
762	872	211	285
763	310	675	759
764	579	946	1027
765	891	223	307
766	556	921	1005
767	613	978	27
768	1029	365	445
769	533	900	982
770	72	439	521
771	85	452	534
772	666	1031	80
773	631	996	44
774	491	856	940
775	702	32	115
776	827	157	240
777	703	33	116
778	551	917	997
779	811	141	225
780	78	443	527
781	999	331	415
782	507	874	956
783	411	778	860
784	696	27	111
785	793	125	206
786	567	932	1016
787	515	882	964
788	415	780	866
789	140	507	591
790	701	31	115
791	731	61	145
792	248	613	697
793	647	1012	61
794	745	76	155
795	256	621	705
796	483	850	932
797	217	582	666
798	668	1033	82
799	699	31	113
800	1012	344	426
801	455	822	903
802	524	885	969
803	664	1031	78
804	571	942	1024
805	276	645	727
806	784	115	199
807	55	422	504
808	273	642	726
809	673	5	86
810	190	555	637
811	594	959	8
812	466	833	914
813	174	539	623
814	763	95	179
815	402	767	851
816	642	1007	56
817	894	226	308
818	125	492	570
819	606	971	19
820	741	71	155
821	36	401	485
822	65	430	510
823	477	848	928
824	369	734	818
825	296	663	745
826	981	311	394
827	508	873	956
828	166	531	613
829	313	678	760
830	54	424	508
831	997	331	413
832	645	1010	61
833	625	990	37
834	810	142	224
835	5	370	453
836	642	1007	55
837	459	824	908
838	192	557	641
839	1035	365	448
840	153	514	596
841	260	625	707
842	569	934	1018
843	436	801	883
844	434	799	883
845	471	835	918
846	294	659	743
847	12	377	461
848	110	475	557
849	908	240	321
850	372	737	821
851	255	620	703
852	434	799	875
853	913	243	325
854	672	5	93
855	350	716	798
856	491	856	939
857	679	11	95
858	177	542	622
859	381	746	828
860	63	428	512
861	517	882	965
862	42	409	491
863	842	174	257
864	211	576	660
865	932	264	347
866	56	421	501
867	382	747	831
868	673	3	86
869	842	174	257
870	147	512	592
871	673	5	85
872	29	394	478
873	536	901	981
874	145	512	594
875	758	88	170
876	365	732	812
877	705	37	121
878	322	689	770
879	1031	361	445
880	1036	372	448
881	115	480	562
882	556	921	1005
883	733	65	147
884	980	312	394
885	590	957	1040
886	221	587	671
887	57	422	506
888	250	615	699
889	432	797	881
890	61	431	510
891	720	52	135
892	350	715	798
893	821	153	235
894	928	262	344
895	129	494	574
896	701	33	115
897	978	305	388
898	167	532	612
899	741	71	156
900	376	741	821
901	597	962	11
902	490	855	935
903	893	226	304
904	350	715	795
905	424	793	875
906	627	994	41
907	72	439	519
908	39	404	487
909	680	10	92
910	535	900	984
911	928	260	344
912	216	583	665
913	475	840	924
914	194	559	641
915	230	597	679
916	647	1019	63
917	765	97	179
918	76	441	521
919	256	621	705
920	757	89	173
921	346	711	793
922	488	853	937
923	582	947	1031
924	103	472	553
925	479	844	928
926	222	589	671
927	236	602	684
928	303	668	752
929	33	398	481
930	949	281	363
931	699	29	113
932	98	465	547
933	405	770	853
934	935	267	349
935	967	301	383
936	638	1007	56
937	601	966	13
938	849	181	263
939	872	202	286
940	28	395	473
941	935	265	349
942	294	659	741
943	6	368	451
944	144	509	591
945	423	792	875
946	554	919	1003
947	611	976	23
948	7	372	456
949	975	307	391
950	610	975	24
951	599	964	9
952	846	178	259
953	395	760	840
954	555	921	1003
955	661	1026	71
956	581	946	1030
957	313	678	762
958	108	473	556
959	117	486	562
960	1012	342	426
961	696	27	109
962	97	458	542
963	979	310	392
964	724	54	138
965	383	746	830
966	896	228	312
967	936	268	352
968	297	664	744
969	76	443	521
970	44	409	489
971	473	844	918
972	427	792	872
973	739	71	151
974	390	751	833
975	804	136	216
976	712	48	128
977	202	563	647
978	545	910	992
979	132	497	581
980	761	97	183
981	990	322	402
982	146	513	596
983	8	375	455
984	436	801	881
985	1019	349	433
986	697	27	111
987	399	766	846
988	213	580	662
989	299	1698	745
990	198	565	639
991	284	649	729
992	808	138	222
993	27	392	472
994	668	1033	81
995	172	540	620
996	834	166	250
997	451	816	898
998	245	612	694
999	61	428	510
