Reaction test v3
type	A+B+C
number	1000

max value	65536
unit	us

test	A	B	C
0	3	13	3
1	18	5	30
2	44	34	14
3	3	4975	7
4	19	5	31
5	20	32	8
6	18	30	6
7	15861	3	8
8	17	3	28
9	20	7	30
10	19	7	31
11	9	33	23
12	29	5	19
13	5	19	33
14	9	23	35
15	21	7	33
16	22	6	34
17	20	34	5
18	35	23	7
19	3	8	7316
20	30	18	4
21	32	6	20
22	30	4	20
23	7	23	36
24	5	18	30
25	31	7	21
26	40	19	7
27	3	14651	7
28	18	30	5
29	7	16353	3
30	19	5	31
31	23171	3	8
32	7	32	21
33	7301	3	8
34	8	32	22
35	36	7	24
36	34	7	23
37	3	13624	8
38	5	19	31
39	24	9	38
40	7	33	21
41	34	8	22
42	7	33	23
43	3	7	19
44	21	7	33
45	20	6	32
46	5	32	21
47	30	19	5
48	3	8	20
49	4859	3	7
50	21	33	7
51	9	34	24
52	5	33	21
53	13884	3	7
54	9	25	36
55	5	34	22
56	33	5	21
57	3	14600	7
58	7	36	24
59	8	3	14541
60	34	22	5
61	9	24	38
62	7	17261	3
63	34	20	7
64	22	34	6
65	20	5	34
66	19841	3	7
67	7	23	36
68	3	6599	7
69	6	20	34
70	12926	3	3
71	24	36	8
72	20	32	7
73	22	36	8
74	5	31	21
75	7	36	22
76	23	7	37
77	21	33	7
78	5	36	25
79	25	38	9
80	20	32	6
81	22	34	8
82	7	3	3
83	32	20	4
84	36	24	7
85	7	36	24
86	32	21	7
87	4	20	34
88	5617	8	3
89	4	30	20
90	21887	3	7
91	31	21	7
92	23	7	34
93	20	6	34
94	8	9626	3
95	29	19	5
96	8	12473	3
97	32	5	20
98	9	23	37
99	32	19	5
100	6	32	22
101	7	32	22
102	19	31	5
103	5	30	20
104	7	34	23
105	18	30	7
106	28	5	18
107	20	32	6
108	5	19	32
109	3	8810	8
110	5	30	18
111	6	20	32
112	20	5	32
113	8	10823	3
114	7	35	23
115	20340	3	8
116	4	22	36
117	8	12574	3
118	21	33	5
119	15115	8	3
120	32	22	8
121	5	19	31
122	7	33	23
123	3	7	15217
124	33	21	7
125	7	21	33
126	29	17	5
127	5	31	19
128	20	32	4
129	32	20	6
130	22	8	36
131	20	7	32
132	32	18	5
133	3	7	16874
134	5	18	30
135	11735	7	3
136	7	31	19
137	34	6	22
138	20	32	8
139	21	33	7
140	17	29	5
141	24	8	40
142	20	7	32
143	7	22	36
144	32	20	8
145	30	20	8
146	36	22	8
147	34	22	8
148	3	18906	9
149	6	18	30
150	7	10833	3
151	21	33	5
152	74	90	103
153	33	21	7
154	35	7	23
155	20	7	30
156	5	34	22
157	7	33	23
158	18	30	4
159	22	34	8
160	17	3	27
161	9	25	36
162	19	30	5
163	17	3	29
164	29	19	5
165	5	79	65
166	7	31	21
167	25	11	36
168	21	33	7
169	19	30	7
170	19	5	33
171	18	30	5
172	3	27	17
173	31	3	21095
174	21	7	32
175	36	24	9
176	32	8	22
177	35	9	21
178	3	23036	7
179	7	26	38
180	28	4	18
181	32	5	20
182	31	19	7
183	3	8354	7
184	20	57	45
185	3	7	5956
186	17	27	5
187	21	33	7
188	20	5	32
189	20	8	32
190	36	9	24
191	3	7	15500
192	20	32	5
193	17	29	5
194	7	23	35
195	20	34	7
196	16	3	3
197	7	3	15111
198	7	33	23
199	5	40	25
200	23	7	35
201	17	29	5
202	5	30	20
203	77	89	56
204	13983	8	3
205	20	6	30
206	5	32	20
207	8	3	12986
208	34	7	22
209	8	3	9118
210	31	19	7
211	8	36	24
212	29	19	5
213	34	8	22
214	29	17	5
215	3	27	17
216	8	3	11421
217	7	21	33
218	19	5	31
219	31	21	7
220	9	23	37
221	22	7	34
222	7	21	35
223	6	32	20
224	7784	3	7
225	6	22	36
226	8	5705	3
227	34	22	6
228	34	7	22
229	3	8	20214
230	22	8	36
231	7	34	24
232	5	31	21
233	5	32	21
234	23	33	9
235	6	22	34
236	7	13093	3
237	22	32	8
238	33	21	9
239	6	32	22
240	178	197	7
241	19	31	5
242	31	7	21
243	5	31	21
244	3	8	5634
245	32	20	8
246	4	20	34
247	8	5949	3
248	30	6	20
249	4	20	32
250	19	31	5
251	30	18	5
252	3	19	31
253	6	20	32
254	3	21898	7
255	5	34	22
256	35	23	5
257	3	15718	7
258	5	33	21
259	20	30	7
260	19	29	7
261	5	29	19
262	17	33	5
263	18	6	30
264	34	8	22
265	33	7	21
266	30	4	18
267	3	28	18
268	7	3	18196
269	32	5	20
270	33	7	21
271	8728	3	8
272	5	29	19
273	21	31	5
274	14676	3	10
275	31	19	7
276	7	21	33
277	5	32	20
278	18	4	32
279	38	26	6
280	19	5	31
281	34	20	7
282	5	34	22
283	33	9	23
284	8	3	15334
285	31	5	21
286	6	34	22
287	20	7	32
288	6	22	34
289	3	16	28
290	28	17	5
291	9	24	38
292	29	5	19
293	5	18	30
294	36	9	24
295	3	7	17353
296	31	7	21
297	27	17	5
298	7	21	35
299	32	20	9
300	30	20	8
301	32	5	22
302	3	8395	8411
303	32	21	7
304	7	20	32
305	34	4	22
306	5	32	20
307	7	3	17510
308	5	30	20
309	3	29	19
310	5	29	17
311	5	32	20
312	22	34	9
313	7	31	21
314	3	3	11924
315	19	5	33
316	16	30	4
317	19	31	5
318	6177	7	3
319	17	5	28
320	59	80	92
321	7	12337	3
322	31	19	5
323	7	54	54
324	29	5	19
325	31	19	5
326	20	8	32
327	12900	8	3
328	28	3	16
329	6	20	32
330	35	7	23
331	6	32	22
332	21	33	5
333	29	19	5
334	19	31	5
335	28	16	4
336	9	36	24
337	23	9	36
338	7	18452	3
339	32	4	20
340	3	17280	7
341	20	32	4
342	9	22	36
343	3	17295	7
344	7	21	35
345	5	20	34
346	3	13494	7
347	36	9	24
348	28	18	5
349	5	19	32
350	22	34	8
351	17576	7	3
352	23	35	9
353	32	6	22
354	3	20105	7
355	23	34	9
356	19	7	3
357	36	24	9
358	5	35	21
359	7	3	14953
360	35	5	21
361	23	35	7
362	34	5	22
363	16472	3	7
364	33	5	21
365	19	30	5
366	5	31	21
367	5	20	34
368	21412	7	3
369	22	34	8
370	33	19	5
371	3	17614	8
372	23	7	37
373	5	21	32
374	33	21	5
375	7	23	34
376	34	20	4
377	8	6436	3
378	33	5	21
379	30	5	20
380	33	5	21
381	30	5	20
382	8	3	4533
383	16	5	28
384	36	9	25
385	32	18	4
386	23	7	36
387	5	20	32
388	7	13070	3
389	23	9	35
390	21	7	35
391	10507	3	8
392	36	25	9
393	5	30	20
394	8	3	22099
395	21	33	9
396	31	7	19
397	5	29	19
398	3	7	6841
399	6	32	20
400	20	32	6
401	20	5	32
402	20	6	34
403	21	33	7
404	23	9	36
405	22	6	34
406	30	5	18
407	24	36	9
408	15465	3	7
409	20	5	32
410	35	23	9
411	3	17529	7
412	9	34	22
413	6	20	32
414	8	7340	3
415	19	31	5
416	20	30	7
417	7	33	23
418	5	30	20
419	3	28	16
420	33	7	21
421	33	7	21
422	32	21	7
423	20	32	8
424	20	6	32
425	21	33	9
426	22	9	34
427	23	7	36
428	21	7	35
429	34	20	5
430	5	20	34
431	56	5	70
432	22	7	34
433	4	20	32
434	5	20	32
435	6	20	34
436	25	9	38
437	13860	7	3
438	24	8	38
439	22	34	9
440	8	34	24
441	7	35	23
442	3	27	17
443	7	3	18322
444	19	5	30
445	18	5	30
446	36	24	9
447	34	22	8
448	31	7	19
449	3	23700	8
450	17	5	29
451	23	7	34
452	7	21	33
453	25	37	11
454	19	29	7
455	23	7	34
456	33	21	7
457	33	21	7
458	22	32	8
459	29	19	7
460	3	7	17975
461	6	30	20
462	8	3	12972
463	32	6	20
464	20	32	7
465	31	5	21
466	34	8	22
467	33	21	7
468	33	19	5
469	6	20	34
470	3	12995	7
471	30	7	19
472	3	8	13407
473	32	20	8
474	7	21	34
475	3	8	14381
476	7	22	36
477	22	34	8
478	26	13	38
479	5	28	42
480	8	24	36
481	7	20	32
482	4	20	34
483	29	17	5
484	5	17	29
485	29	17	5
486	7	20	32
487	32	6	20
488	36	23	9
489	7	34	23
490	20	53	41
491	36	24	10
492	5	71	20
493	9	35	23
494	33	7	21
495	3	7	20156
496	18	5	32
497	20	6	34
498	19695	7	3
499	4	30	18
500	27	3	17
501	24	36	8
502	8	3	18008
503	4	20	34
504	3	17	29
505	7	21	34
506	18	4	30
507	8	22	36
508	36	24	6
509	3	7	14569
510	32	8	22
511	7	21	33
512	5	32	20
513	8	24	36
514	22	7	36
515	4745	3	8
516	36	22	6
517	8	36	24
518	55	26	43
519	5	21	34
520	34	22	7
521	4	32	20
522	5	21	35
523	21	5	34
524	34	4	22
525	35	7	23
526	34	7	22
527	19	5	33
528	20	7	32
529	8	17891	3
530	34	6	20
531	5	30	20
532	6	34	22
533	3	8	14863
534	5	28	18
535	5	30	20
536	23	33	9
537	16	28	6
538	30	4	18
539	3	8	23410
540	17	3	29
541	23	35	9
542	5	31	21
543	21	33	7
544	21	7	33
545	5	17	29
546	32	20	6
547	30	18	6
548	31	5	19
549	34	6	24
550	3	15853	7
551	33	7	21
552	33	21	7
553	21	32	7
554	31	7	21
555	78	92	104
556	20	32	6
557	7197	3	7
558	17	29	5
559	36	9	24
560	7	3	21
561	72	60	52
562	30	19	5
563	29	5	19
564	7	21	35
565	7	19	30
566	5	21	33
567	30	18	4
568	30	5	18
569	7	22	34
570	30	18	6
571	7	19	31
572	23	9	42
573	31	21	9
574	36	24	9
575	30	18	5
576	4	30	20
577	22	8	36
578	28	18	5
579	34	22	8
580	5	21	35
581	19	5	31
582	7	18	30
583	7	23	34
584	19	5	31
585	8	22	36
586	21	33	5
587	15311	3	8
588	5	18	30
589	20	32	4
590	22	34	8
591	5	34	20
592	33	7	23
593	33	5	21
594	3	13143	7
595	24	8	36
596	35	23	7
597	3	21	7
598	22	7	34
599	21	33	7
600	19835	3	7
601	7	21	33
602	115	103	95
603	30	5	18
604	7	32	20
605	20	8	40
606	9	23	35
607	5	29	19
608	7	34	22
609	23	33	9
610	8	13420	3
611	29	5	19
612	34	7	23
613	7	33	23
614	17031	3	8
615	6	20	32
616	7	21	33
617	22	6	36
618	29	5	19
619	7	35	23
620	19	31	5
621	25	9	37
622	20	32	7
623	32	6	20
624	23	35	7
625	22	34	7
626	22	34	6
627	23	9	35
628	7	21	35
629	33	21	7
630	3	21	33
631	18	32	4
632	23	9	36
633	19	5	31
634	18	30	4
635	30	20	7
636	36	8	22
637	19	34	5
638	18	28	4
639	8	24	36
640	7	30	20
641	17	29	5
642	21	34	9
643	6297	3	7
644	28	18	6
645	3	8728	8
646	20	32	7
647	7	34	23
648	23	33	7
649	29	5	17
650	5	31	19
651	5	30	18
652	3	27	17
653	13096	3	9
654	33	21	9
655	35	5	23
656	12347	3	7
657	8	22	36
658	5	20	34
659	9	23	35
660	17842	7	3
661	36	22	7
662	64	19	5
663	35	21	7
664	3	18287	7
665	30	5	19
666	5	34	22
667	5	19	31
668	6	20	32
669	3	5482	8
670	28	3	16
671	19	31	5
672	29	3	19
673	3	3	14324
674	29	7	19
675	3	8	8677
676	21	7	33
677	34	22	8
678	31	5	21
679	7	20	30
680	22	6	34
681	21	31	7
682	17	5	28
683	3	31	19
684	5	29	17
685	8	36	26
686	31	5	21
687	17	29	5
688	7	33	21
689	19	29	7
690	18	30	4
691	20	30	6
692	24	9	38
693	5	18	30
694	3	8	12968
695	6	32	20
696	29	19	5
697	7	18041	3
698	7	32	22
699	5	17	29
700	3	18472	7
701	164	5	150
702	33	5	21
703	3	7	16802
704	5	17	28
705	20	36	8
706	29	5	19
707	32	5	21
708	5	19	31
709	3	17	29
710	21	7	33
711	5	17	29
712	19	5	31
713	19	5	33
714	30	18	4
715	6	30	18
716	36	5	20
717	32	5	20
718	36	22	9
719	7	15690	3
720	34	22	9
721	8	20	32
722	35	23	7
723	32	20	7
724	32	20	5
725	5	18	32
726	7	21	31
727	6	18	30
728	20	7	34
729	19	31	7
730	5251	7	3
731	30	5	18
732	5	31	19
733	20	6	34
734	20	6	32
735	34	22	9
736	21	7	32
737	19	31	7
738	6	32	20
739	5	30	18
740	5	17	29
741	19	5	33
742	6854	3	7
743	21	33	7
744	14904	3	7
745	25	35	13
746	7	33	21
747	19	29	5
748	5101	7	3
749	19	31	5
750	19	5	31
751	3	22948	3
752	6	20	32
753	3	7	16367
754	18	28	5
755	24	36	8
756	18	30	7
757	6	34	22
758	7	33	23
759	24	9	36
760	6	22	34
761	14598	7	3
762	23	33	9
763	15783	3	7
764	6	32	22
765	5	33	23
766	6	20	32
767	16	38	34
768	9	22	36
769	32	20	9
770	7	18223	3
771	31	5	21
772	28	17	5
773	30	19	5
774	30	6	20
775	34	22	8
776	21	33	9
777	8	3	15171
778	31	21	7
779	30	18	5
780	32	18	5
781	19	29	5
782	27	3	17
783	7	3	7325
784	22	34	8
785	34	22	6
786	7	30	20
787	23	34	7
788	19	5	33
789	7	7493	3
790	22	7	34
791	7	21	34
792	6	20	32
793	17	27	5
794	4	32	20
795	7	3	14711
796	21	5	35
797	33	21	7
798	7	20	32
799	7	19	30
800	7	33	23
801	16	3	8
802	18	30	7
803	7	22	36
804	31	19	7
805	31	5	19
806	34	8	24
807	19	29	7
808	30	5	18
809	32	4	20
810	3	14053	8
811	3	3	3
812	29	19	7
813	20	6	34
814	21	31	5
815	35	23	7
816	7	8902	3
817	21	33	7
818	21	33	5
819	20	6	32
820	30	4	20
821	35	23	9
822	5	17	29
823	30	5	18
824	9	36	24
825	31	19	7
826	34	22	6
827	21	9	33
828	9142	3	3
829	33	21	9
830	35	23	9
831	6	20	32
832	7	21	35
833	3	15311	7
834	34	22	9
835	3	31	19
836	31	7	21
837	7	36	25
838	35	7	23
839	32	5	21
840	20	32	5
841	23	35	9
842	32	5	20
843	4	22	36
844	34	22	8
845	5	32	20
846	31	5	19
847	31	3	19
848	3	9031	7
849	36	9	25
850	29	17	5
851	16	24	38
852	139	127	106
853	32	20	7
854	5	62	77
855	3746	8	3
856	17	27	5
857	7261	3	7
858	33	21	5
859	21	31	9
860	7	3	18474
861	6	32	20
862	17	29	5
863	23	34	7
864	38	12	26
865	9	32	22
866	21450	3	9
867	32	6	20
868	32	20	7
869	19	5	30
870	8	13744	3
871	18	7	30
872	20	5	34
873	6680	3	8
874	5	30	18
875	34	7	22
876	26	16	5
877	9	32	22
878	23	33	7
879	9	34	22
880	34	22	7
881	3	31	19
882	5	20	32
883	3	21935	9
884	35	23	7
885	7	5131	3
886	23	36	7
887	18	5	32
888	24	41	6
889	5	32	20
890	5	30	20
891	36	9	24
892	3	11326	8
893	18	5	32
894	22	34	6
895	29	17	5
896	32	20	5
897	17	29	5
898	20	32	7
899	19	29	5
900	34	23	7
901	30	6	20
902	32	5	20
903	7	3	4848
904	34	22	9
905	5	19	33
906	33	21	7
907	22	36	9
908	7	18	30
909	7	12772	3
910	20	8	32
911	5	18	32
912	5	18	30
913	9	22	36
914	28	16	4
915	7	18	30
916	5	28	18
917	16659	3	7
918	6	32	20
919	3	7	17647
920	7	23	35
921	3	17290	8
922	6	22	36
923	28	3	18
924	32	5	21
925	36	8	24
926	31	19	5
927	36	7	24
928	34	22	7
929	5	20	34
930	8	18756	3
931	5	19	30
932	3	15958	8
933	20	6	34
934	17561	7	3
935	19	5	30
936	8	10474	3
937	6	32	22
938	8	22	36
939	18	5	30
940	24457	7	3
941	36	8	24
942	19	5	30
943	35	23	9
944	5	32	21
945	19	31	7
946	33	21	5
947	21	33	7
948	17	28	5
949	8554	3	7
950	20	7	32
951	29	17	5
952	22	34	9
953	6	60	48
954	17	3	29
955	20	5	32
956	7	22	42
957	3	5448	7
958	6	36	24
959	3	7	17252
960	32	4	20
961	30	18	5
962	20	5	32
963	16038	7	3
964	19	5	31
965	18638	8	3
966	22	34	8
967	5	31	21
968	20	5	32
969	20	6	34
970	6	32	20
971	20	5	32
972	14671	7	3
973	20	45	34
974	21	32	7
975	7	34	22
976	19	30	5
977	5	21	33
978	20448	7	3
979	29	5	17
980	3	29	19
981	32	6	20
982	3	15967	7
983	19	31	5
984	21	7	33
985	29	19	7
986	5	34	22
987	21	5	33
988	6462	7	3
989	29	5	19
990	31	7	21
991	38	26	8
992	29	17	5
993	7	35	23
994	7	31	21
995	20	5	32
996	21	5	34
997	7347	3	7
998	7	31	21
999	22	36	6
