Reaction test v3
type	A+B+C
number	1000

max value	65536
unit	us

test	A	B	C
0	738	752	764
1	612	624	636
2	202	216	228
3	228	242	256
4	271	283	297
5	299	311	323
6	476	491	503
7	181	195	206
8	129	142	154
9	933	947	959
10	100	112	124
11	105	118	130
12	547	563	575
13	354	367	379
14	528	540	552
15	309	321	333
16	512	525	537
17	226	238	250
18	324	338	350
19	489	502	514
20	114	127	139
21	431	444	456
22	477	491	503
23	980	994	1006
24	111	125	137
25	729	741	756
26	927	941	953
27	626	639	651
28	929	943	954
29	691	704	716
30	665	679	690
31	633	647	661
32	408	421	433
33	110	123	135
34	260	272	284
35	112	126	138
36	491	505	516
37	1038	1052	1064
38	852	866	878
39	238	252	262
40	734	748	758
41	594	607	617
42	227	240	252
43	845	859	872
44	680	691	703
45	989	1001	1013
46	522	534	546
47	108	122	134
48	323	337	349
49	123	137	149
50	856	870	882
51	453	467	479
52	168	180	192
53	708	720	733
54	455	468	478
55	807	819	831
56	213	227	239
57	290	304	315
58	987	1001	1013
59	406	418	430
60	446	460	472
61	423	435	447
62	485	499	511
63	895	909	921
64	712	725	737
65	631	645	659
66	87	99	111
67	614	628	639
68	710	724	736
69	33	46	56
70	698	710	722
71	982	994	1006
72	689	705	717
73	982	994	1006
74	1019	1033	1045
75	790	802	814
76	421	435	449
77	222	236	248
78	971	984	996
79	368	382	394
80	118	131	143
81	269	283	295
82	695	707	719
83	841	855	865
84	145	159	171
85	424	438	450
86	200	214	225
87	305	317	328
88	768	782	794
89	175	189	201
90	641	653	664
91	603	617	629
92	650	663	675
93	711	725	737
94	987	1001	1011
95	84	96	107
96	813	827	839
97	995	1009	1019
98	532	545	557
99	702	716	728
100	938	952	962
101	918	932	944
102	80	94	106
103	822	836	848
104	718	731	743
105	982	996	1008
106	974	988	998
107	545	559	570
108	315	326	338
109	247	261	272
110	625	639	651
111	40	56	68
112	603	615	627
113	676	690	702
114	203	217	227
115	51	67	79
116	663	677	689
117	168	182	192
118	790	804	816
119	560	573	585
120	44	56	68
121	179	193	205
122	656	670	682
123	914	928	940
124	522	534	546
125	424	438	452
126	140	164	154
127	367	380	394
128	7	19	33
129	766	780	792
130	533	545	557
131	342	356	368
132	830	846	857
133	391	405	417
134	766	780	790
135	635	647	659
136	532	545	557
137	943	955	970
138	882	894	906
139	671	686	698
140	1017	1031	1043
141	1008	1022	1033
142	996	1010	1024
143	246	260	272
144	476	489	501
145	944	958	970
146	715	729	741
147	71	84	96
148	52	66	78
149	909	921	933
150	498	512	524
151	940	954	966
152	804	816	828
153	37	51	62
154	297	309	323
155	178	192	203
156	838	852	865
157	340	354	368
158	275	289	300
159	513	525	537
160	168	182	194
161	818	832	844
162	192	206	216
163	898	910	922
164	37	50	62
165	1042	1056	1066
166	967	980	992
167	817	830	842
168	837	849	863
169	83	97	109
170	1031	1045	1057
171	323	337	347
172	266	290	280
173	309	323	335
174	185	198	210
175	1031	1044	1058
176	595	609	621
177	877	890	902
178	481	493	505
179	126	140	152
180	350	364	376
181	423	435	447
182	1010	1022	1034
183	535	549	559
184	642	656	668
185	509	521	533
186	68	82	94
187	588	600	612
188	610	624	636
189	348	361	373
190	854	868	880
191	478	491	503
192	52	63	75
193	145	163	175
194	53	65	77
195	971	985	997
196	198	212	224
197	652	666	677
198	437	450	460
199	342	356	368
200	806	819	831
201	811	824	836
202	487	501	516
203	773	787	799
204	1025	1037	1050
205	905	933	921
206	815	827	839
207	762	776	788
208	156	168	180
209	318	332	344
210	305	318	330
211	812	825	837
212	976	990	1002
213	463	477	487
214	234	248	262
215	395	407	419
216	991	1005	1017
217	596	608	619
218	12	24	36
219	621	635	647
220	129	143	154
221	316	330	340
222	870	882	893
223	414	427	439
224	941	952	964
225	836	848	861
226	864	877	889
227	326	340	351
228	27	41	53
229	233	245	257
230	660	671	683
231	567	579	591
232	716	728	740
233	300	313	325
234	293	307	319
235	1017	1031	1043
236	883	896	908
237	743	757	769
238	744	758	770
239	797	810	822
240	655	669	679
241	80	92	104
242	145	159	169
243	295	309	321
244	119	131	145
245	57	71	109
246	687	699	711
247	309	323	335
248	174	187	197
249	571	585	597
250	503	517	529
251	405	418	430
252	699	712	724
253	791	805	817
254	828	842	854
255	779	793	805
256	532	546	558
257	269	283	295
258	841	855	869
259	706	720	732
260	775	789	803
261	1043	1057	1069
262	283	296	308
263	558	572	584
264	322	336	348
265	350	364	375
266	688	701	713
267	984	996	1008
268	742	759	771
269	953	967	979
270	667	681	692
271	117	129	141
272	80	93	105
273	180	191	203
274	380	392	405
275	330	341	353
276	112	125	137
277	450	463	475
278	293	307	317
279	44	56	68
280	549	560	572
281	953	967	979
282	243	255	267
283	111	125	135
284	792	806	818
285	253	264	276
286	884	900	912
287	611	624	636
288	141	155	165
289	9	21	33
290	50	64	78
291	205	219	231
292	950	963	975
293	384	398	410
294	523	536	552
295	368	380	392
296	314	328	339
297	671	684	694
298	68	84	96
299	147	161	173
300	294	308	318
301	875	889	901
302	535	547	559
303	706	718	730
304	704	718	730
305	653	667	679
306	719	731	743
307	770	782	794
308	134	146	158
309	710	723	735
310	755	769	781
311	671	683	695
312	1011	1025	1035
313	884	898	910
314	12	26	38
315	582	596	608
316	935	949	959
317	716	729	741
318	965	979	991
319	695	709	721
320	211	223	235
321	704	716	728
322	352	366	378
323	376	390	402
324	922	936	948
325	230	243	255
326	222	234	246
327	519	532	544
328	44	56	68
329	363	375	387
330	224	238	250
331	368	380	392
332	1066	1078	1090
333	279	292	304
334	325	337	349
335	457	469	481
336	53	65	77
337	536	550	562
338	896	908	919
339	258	271	283
340	408	420	435
341	570	585	597
342	933	947	959
343	263	275	287
344	252	264	276
345	291	303	315
346	974	988	1000
347	372	386	396
348	762	776	788
349	978	991	1003
350	1002	1014	1026
351	408	421	433
352	648	660	673
353	671	685	697
354	455	467	479
355	607	621	633
356	604	618	630
357	484	496	508
358	802	815	827
359	968	982	994
360	124	136	148
361	1010	1022	1033
362	725	739	750
363	774	788	800
364	993	1005	1017
365	950	976	966
366	138	152	164
367	723	735	747
368	809	821	833
369	507	521	533
370	54	68	78
371	629	641	653
372	687	701	713
373	755	767	783
374	80	92	104
375	292	306	317
376	628	641	653
377	453	466	478
378	330	343	355
379	788	802	814
380	815	828	840
381	633	647	657
382	149	163	175
383	1008	1021	1033
384	712	724	736
385	898	912	923
386	380	394	406
387	239	253	265
388	826	839	851
389	802	814	826
390	605	619	631
391	356	369	381
392	646	660	672
393	779	797	809
394	290	304	314
395	170	184	195
396	864	878	888
397	1030	1042	1054
398	658	670	681
399	402	416	428
400	481	493	505
401	425	439	451
402	916	928	940
403	31	43	55
404	25	37	49
405	145	161	173
406	438	452	464
407	413	425	437
408	770	781	793
409	99	112	126
410	200	214	226
411	841	853	865
412	899	913	925
413	940	952	964
414	322	334	346
415	525	538	552
416	370	394	384
417	458	472	484
418	371	385	396
419	541	553	565
420	571	583	596
421	725	739	749
422	518	530	542
423	809	821	833
424	652	666	677
425	483	497	507
426	145	157	169
427	515	527	539
428	594	608	620
429	884	898	910
430	453	465	477
431	592	606	618
432	198	210	222
433	686	698	710
434	538	551	563
435	120	191	203
436	548	562	574
437	638	652	662
438	772	786	798
439	93	106	118
440	691	703	715
441	436	450	462
442	856	870	882
443	224	238	250
444	1004	1018	1030
445	384	396	408
446	624	638	650
447	806	820	832
448	262	276	288
449	654	666	677
450	956	968	979
451	453	464	476
452	121	135	147
453	68	82	94
454	436	450	463
455	910	922	934
456	412	425	437
457	78	92	104
458	98	110	122
459	358	372	383
460	565	577	589
461	683	697	709
462	356	370	381
463	893	907	919
464	761	775	787
465	1047	1061	1073
466	422	435	447
467	474	486	497
468	436	449	461
469	1038	1052	1062
470	240	263	253
471	83	97	109
472	601	615	627
473	660	672	683
474	200	214	225
475	239	253	268
476	48	62	74
477	461	473	485
478	158	172	184
479	562	574	588
480	576	590	602
481	81	95	107
482	646	661	673
483	63	75	87
484	123	137	149
485	50	63	75
486	785	799	811
487	684	697	709
488	669	682	694
489	71	84	96
490	766	782	794
491	350	362	374
492	41	53	66
493	936	950	962
494	980	994	1008
495	135	148	160
496	459	472	484
497	557	570	582
498	421	433	445
499	851	865	877
500	193	208	220
501	532	545	557
502	652	666	679
503	519	533	547
504	596	610	621
505	198	210	224
506	519	531	543
507	1035	1048	1060
508	564	577	587
509	685	699	711
510	166	166	166
511	164	178	190
512	577	593	604
513	1024	1036	1048
514	981	997	1009
515	706	720	732
516	729	743	754
517	213	226	238
518	988	1000	1011
519	812	825	837
520	496	508	520
521	990	1003	1015
522	421	435	447
523	222	236	248
524	181	194	206
525	135	148	164
526	1030	1044	1056
527	99	112	124
528	159	170	182
529	350	364	376
530	438	449	461
531	875	887	899
532	20	34	46
533	925	939	951
534	949	963	975
535	788	802	814
536	88	101	113
537	337	349	361
538	292	306	318
539	222	236	246
540	130	144	156
541	557	568	580
542	736	750	760
543	579	604	594
544	5	17	29
545	547	559	570
546	125	137	148
547	752	765	779
548	353	367	379
549	890	904	916
550	597	621	611
551	410	424	435
552	599	613	625
553	316	330	342
554	970	984	996
555	9	22	34
556	815	828	840
557	948	960	974
558	1023	1048	1038
559	1004	1018	1030
560	1025	1041	1053
561	700	714	726
562	658	671	683
563	695	707	719
564	854	868	880
565	460	474	486
566	691	705	717
567	858	870	882
568	316	330	342
569	305	319	331
570	372	384	396
571	1004	1018	1030
572	918	929	941
573	432	446	458
574	989	1003	1015
575	496	509	521
576	360	375	387
577	655	667	679
578	611	623	635
579	954	968	979
580	684	696	708
581	616	630	642
582	967	981	991
583	513	526	538
584	989	1003	1015
585	1043	1055	1067
586	894	908	920
587	82	95	107
588	922	934	946
589	755	769	781
590	108	122	134
591	571	585	597
592	138	152	164
593	960	973	985
594	91	105	117
595	614	628	640
596	730	744	756
597	419	431	443
598	693	706	718
599	689	703	715
600	149	163	175
601	796	808	820
602	756	768	780
603	849	863	877
604	683	695	707
605	99	113	125
606	789	801	813
607	674	686	698
608	566	580	592
609	595	609	621
610	740	752	764
611	909	922	932
612	978	992	1003
613	895	909	921
614	878	890	902
615	616	630	642
616	436	448	460
617	983	997	1009
618	643	660	672
619	665	678	688
620	998	1012	1022
621	744	755	767
622	802	816	828
623	1030	1044	1056
624	163	177	187
625	350	364	376
626	601	615	627
627	1042	1055	1067
628	468	482	494
629	550	564	576
630	269	281	293
631	759	773	785
632	320	334	345
633	96	110	122
634	457	469	481
635	993	1005	1017
636	138	152	164
637	125	137	148
638	400	414	424
639	362	373	385
640	374	388	399
641	876	890	900
642	536	550	561
643	945	958	970
644	509	523	535
645	571	585	597
646	820	834	846
647	346	360	370
648	554	566	578
649	386	400	411
650	540	553	565
651	639	651	666
652	453	465	477
653	672	686	698
654	946	960	972
655	950	962	994
656	747	761	773
657	848	862	874
658	1030	1044	1056
659	956	969	981
660	166	178	192
661	811	825	839
662	761	774	786
663	247	261	273
664	215	229	243
665	207	221	233
666	249	262	274
667	969	983	995
668	631	643	655
669	604	618	630
670	265	279	291
671	485	498	510
672	329	343	357
673	903	917	931
674	586	600	612
675	8	22	34
676	710	723	737
677	562	576	588
678	61	75	87
679	297	309	321
680	33	47	59
681	282	298	310
682	465	477	488
683	897	911	923
684	980	994	1005
685	79	93	105
686	852	866	880
687	871	885	897
688	838	852	863
689	359	373	385
690	553	564	576
691	615	628	640
692	447	461	473
693	1042	1056	1068
694	4	33	45
695	148	159	173
696	102	116	128
697	1021	1033	1045
698	277	291	303
699	314	328	340
700	899	913	925
701	538	552	563
702	590	603	613
703	992	1003	1015
704	301	315	327
705	22	34	46
706	1041	1053	1065
707	36	50	62
708	693	705	747
709	472	486	498
710	1076	1097	1109
711	1008	1022	1034
712	425	439	451
713	892	904	916
714	686	703	713
715	894	907	917
716	389	403	414
717	653	667	679
718	883	897	910
719	6	20	32
720	20	31	43
721	120	132	143
722	192	206	218
723	337	351	363
724	811	823	835
725	170	184	194
726	485	499	510
727	798	809	821
728	279	293	305
729	672	684	696
730	634	648	662
731	766	779	791
732	1016	1029	1041
733	312	326	342
734	248	260	272
735	550	562	574
736	443	457	469
737	813	826	840
738	862	876	888
739	706	720	732
740	211	225	237
741	669	683	694
742	749	763	773
743	185	199	211
744	451	465	477
745	359	373	384
746	1006	1018	1030
747	358	369	381
748	764	778	788
749	530	544	556
750	639	653	664
751	316	330	342
752	25	39	51
753	858	871	885
754	413	427	439
755	237	251	263
756	545	559	569
757	54	68	79
758	40	54	66
759	151	165	175
760	748	760	771
761	510	523	537
762	483	494	506
763	447	461	473
764	963	975	987
765	303	317	329
766	688	702	713
767	134	158	146
768	661	673	685
769	646	660	672
770	361	375	387
771	543	557	569
772	20	34	49
773	491	502	514
774	309	323	335
775	783	795	807
776	519	531	543
777	916	928	939
778	322	334	346
779	530	544	555
780	809	821	833
781	331	344	354
782	352	366	377
783	61	75	85
784	896	908	920
785	215	227	238
786	554	568	579
787	1059	6	20
788	783	797	810
789	738	750	762
790	153	167	177
791	702	714	726
792	575	587	599
793	873	886	896
794	872	885	895
795	751	764	778
796	486	500	512
797	626	640	655
798	176	191	203
799	594	607	617
800	235	249	261
801	490	506	518
802	376	390	402
803	125	138	150
804	173	197	187
805	549	563	575
806	840	853	865
807	858	872	884
808	117	131	145
809	303	314	326
810	599	613	625
811	586	598	609
812	63	75	87
813	975	986	998
814	418	431	443
815	339	353	364
816	67	80	92
817	595	609	621
818	873	885	897
819	753	767	779
820	863	879	891
821	250	264	274
822	571	585	595
823	842	853	865
824	530	542	556
825	273	285	297
826	811	825	836
827	13	27	38
828	95	107	118
829	974	986	998
830	768	781	793
831	117	129	141
832	534	545	557
833	540	553	565
834	695	709	721
835	230	244	255
836	352	366	378
837	413	425	437
838	76	90	128
839	178	190	202
840	301	315	327
841	998	1012	1024
842	948	960	972
843	900	913	925
844	650	664	676
845	172	186	196
846	631	645	657
847	376	389	401
848	909	921	932
849	541	554	566
850	425	437	449
851	475	489	501
852	408	421	433
853	873	887	899
854	652	666	678
855	46	60	70
856	970	982	996
857	746	760	772
858	446	460	471
859	399	413	424
860	946	960	972
861	804	817	829
862	520	536	548
863	76	90	102
864	693	707	719
865	225	237	248
866	942	956	966
867	529	541	553
868	83	95	107
869	391	405	418
870	85	99	111
871	766	774	786
872	935	949	961
873	733	745	756
874	746	759	773
875	845	859	871
876	832	850	862
877	633	647	659
878	358	370	382
879	255	266	278
880	404	418	430
881	165	178	188
882	359	373	383
883	680	694	706
884	529	543	555
885	672	686	698
886	348	360	371
887	80	93	105
888	727	739	751
889	206	220	235
890	444	456	470
891	931	943	955
892	918	932	942
893	646	660	672
894	808	820	831
895	626	637	649
896	18	30	46
897	142	156	168
898	659	673	683
899	560	574	586
900	573	587	597
901	21	35	49
902	110	124	134
903	403	416	428
904	588	600	612
905	153	167	179
906	697	710	722
907	890	902	914
908	960	973	985
909	335	347	359
910	125	139	151
911	271	283	295
912	796	810	824
913	730	742	754
914	217	231	243
915	875	888	898
916	185	198	210
917	588	602	614
918	299	313	323
919	497	510	522
920	626	638	649
921	786	798	810
922	170	182	193
923	160	174	186
924	389	403	415
925	677	688	700
926	91	103	115
927	964	976	988
928	109	123	135
929	48	62	74
930	762	776	788
931	1048	1061	1073
932	131	145	157
933	78	90	102
934	95	109	121
935	67	80	92
936	418	430	441
937	952	964	975
938	344	358	370
939	1050	1062	6
940	619	633	645
941	277	289	301
942	612	626	638
943	1030	1048	1060
944	153	167	179
945	1001	1014	1026
946	841	853	865
947	522	534	546
948	299	313	324
949	187	201	211
950	16	30	44
951	20	34	46
952	488	502	514
953	346	360	372
954	552	566	578
955	508	523	535
956	481	493	505
957	298	310	322
958	35	48	60
959	404	418	430
960	743	757	769
961	213	224	236
962	170	184	197
963	14	29	43
964	513	526	538
965	425	439	450
966	670	682	694
967	411	425	437
968	1050	5	21
969	786	800	810
970	777	791	803
971	22	34	46
972	968	982	994
973	882	894	906
974	431	443	455
975	567	581	593
976	367	379	391
977	132	144	156
978	837	851	861
979	164	178	188
980	33	47	59
981	128	140	152
982	434	448	459
983	1028	1042	1054
984	95	107	118
985	542	555	567
986	845	857	868
987	108	122	134
988	631	645	656
989	470	483	495
990	515	529	541
991	447	461	473
992	658	671	683
993	301	314	326
994	235	247	259
995	596	609	621
996	678	690	701
997	607	621	631
998	596	608	620
999	1059	10	24
