Reaction test v3
type	A+B+C
number	1000

max value	65536
unit	us

test	A	B	C
0	3	22991	14519
1	24721	16315	7799
2	29020	20570	12212
3	26336	17890	9450
4	5	17968	17957
5	897	885	871
6	10785	10773	10762
7	27	17	5
8	7	25387	3
9	20	9	32
10	15307	23788	23774
11	29520	4234	4220
12	12742	21146	21134
13	24678	7	24691
14	4535	17119	4549
15	12265	29064	20623
16	19765	2900	28208
17	17320	405	25738
18	7	16657	8164
19	14712	27281	14735
20	21612	545	21623
21	3470	16121	3484
22	20303	4	20316
23	30129	17446	4
24	1208	22311	1194
25	5	13723	30643
26	20	7	16740
27	20062	20068	20050
28	1813	1826	1840
29	6037	6051	18863
30	7	21	33
31	3	19999	20007
32	1218	9801	9819
33	26898	5	18
34	15961	3232	24370
35	13827	5459	26602
36	21275	8580	5
37	2036	7	10522
38	29416	3911	3897
39	38	24	9
40	3	27031	14498
41	37628	7921	37647
42	20144	3140	32755
43	23525	20	5
44	15612	28322	5
45	22449	1452	14086
46	41	16953	25
47	5	5664	26824
48	1533	22680	14240
49	4049	25175	16710
50	15655	3011	28299
51	23480	2368	5
52	6203	6211	6189
53	11461	24104	24119
54	29312	8195	8211
55	9715	22354	22369
56	21358	218	234
57	7420	20141	20157
58	24690	6	22
59	20538	18	4
60	6971	32314	7
61	13961	5493	13945
62	5	18755	31422
63	23354	23338	2226
64	6869	6881	6856
65	7380	7395	20038
66	24807	24822	3700
67	5596	5612	18276
68	17647	17661	5
69	8328	8341	8353
70	3065	3077	3088
71	20	34573	8
72	36	8	24
73	19429	19439	19415
74	28158	8	28146
75	5	8840	29878
76	2505	19489	2520
77	15313	7	15333
78	26109	26052	9
79	5093	5071	5104
80	12615	12601	12627
81	8366	8393	8405
82	11076	11022	11087
83	7	20	34
84	14724	14710	27389
85	6	30444	832
86	8367	8386	8400
87	29415	7	8414
88	12929	12945	25620
89	16829	16849	29573
90	27791	5	10867
91	29722	16958	61
92	5	20343	16
93	21797	9124	9
94	30735	9605	5
95	9	11489	24172
96	28641	3170	20114
97	27543	2086	14771
98	5	8818	21453
99	16669	25201	8324
100	27617	6513	19163
101	5	10232	23073
102	6171	3	6157
103	3062	19948	3048
104	16256	4	16270
105	3156	24288	3172
106	18753	6150	18767
107	5529	26752	5541
108	13345	635	13358
109	6	17785	22
110	17307	8872	25789
111	2026	27411	10510
112	7909	7	16301
113	31001	18341	7
114	14298	1684	1706
115	10002	7	20
116	1346	18360	1332
117	22478	5553	22465
118	7	16184	28894
119	12351	24999	3940
120	28796	7639	20243
121	27080	5905	18544
122	1533	18403	26874
123	7	15730	24182
124	6	4284	12798
125	10177	18600	48311
126	7	5482	13959
127	15775	28465	3052
128	10237	10249	10261
129	5795	18424	26970
130	12767	25404	83
131	18331	7	9906
132	1254	1269	18077
133	23374	23390	6573
134	9103	9116	26023
135	23558	23569	6606
136	7336	7356	24234
137	6043	6031	22929
138	11076	11055	23582
139	17742	17763	737
140	828	842	13509
141	11631	11615	28635
142	10997	2626	23672
143	21043	21021	3950
144	29430	25058	8120
145	30780	1230	9661
146	4919	4935	17715
147	13114	21609	7
148	5	3228	15986
149	15175	15159	27988
150	21400	21387	243
151	8869	8849	21489
152	16	3	8961
153	9819	3	9835
154	2710	2696	2722
155	22	6	34
156	28175	19766	4
157	8065	6	29073
158	3488	7	28903
159	9143	9115	9131
160	12719	12732	4207
161	8129	16740	24
162	7	4020	29362
163	9985	9961	9975
164	16434	16420	7899
165	1872	1856	9
166	17	3	6328
167	5	29836	20
168	8	22754	24
169	2160	2135	19080
170	19828	11311	4
171	14681	1953	1966
172	9664	9652	9637
173	20	9	32940
174	9566	22269	9552
175	5	19	30964
176	20912	4093	4079
177	4497	21383	21368
178	25918	9079	9063
179	11965	9	28916
180	5	24246	11627
181	19080	19096	19065
182	4559	4588	4574
183	1495	1523	1511
184	3771	3799	3785
185	11735	11764	11753
186	31172	20	7
187	7732	7746	28905
188	22999	23013	10276
189	29443	7	16591
190	30543	8	17850
191	9532	20	5
192	11551	11539	7
193	7	27655	27634
194	29468	8321	8306
195	28106	6988	6969
196	4865	13498	13480
197	9557	9551	9535
198	4	6508	6496
199	9143	9133	9121
200	8028	8016	7993
201	5	32443	24068
202	27144	10224	10212
203	16674	16658	16682
204	18778	1939	1927
205	20872	8154	8141
206	5	16103	16082
207	19753	9	24
208	7	23543	10808
209	23	8968	9
210	30634	3	17955
211	7	28555	20078
212	21326	12886	4424
213	29296	20818	12329
214	28805	20342	12016
215	4354	5	21267
216	23424	15072	6568
217	28106	15456	7062
218	24714	7890	7874
219	11996	6	29030
220	10658	2262	23388
221	21930	9317	970
222	6276	5	27477
223	11156	19578	2838
224	21213	7	12775
225	14213	22637	5741
226	5	2595	23646
227	23452	15045	2395
228	7	21596	8916
229	7251	7235	28317
230	23365	23351	10651
231	15581	7051	28183
232	10015	1749	22689
233	23953	15582	2872
234	23966	15454	2787
235	5967	5953	18627
236	16	5	9233
237	7698	28916	20500
238	3618	24776	16416
239	12518	4	21016
240	27533	14770	5
241	24672	7782	7768
242	6	19083	19069
243	6	16256	7751
244	30932	5629	5
245	16052	24496	7608
246	13249	13265	4782
247	1451	1465	5
248	6968	6980	6
249	6606	6618	6590
250	25243	4031	25223
251	22383	1306	22371
252	22515	5587	22503
253	20	6016	6
254	32975	3	7601
255	16	4	28
256	23985	7072	7088
257	4068	16729	25119
258	14854	31770	5
259	1303	26563	1286
260	16573	8081	16559
261	18	23058	7
262	19275	2364	2351
263	18009	20	9
264	16817	5	16833
265	2553	19476	2565
266	20508	3446	20531
267	27047	10021	1601
268	26490	5350	5
269	6	7569	28593
270	15265	15281	6843
271	11417	11429	9
272	22	34	9
273	456	13027	442
274	16428	5	16416
275	4082	25294	4068
276	13340	601	13326
277	6416	27583	6405
278	12451	25118	4057
279	5	8904	25882
280	25572	12748	6
281	5	19751	19
282	3294	3306	3281
283	28100	2796	11231
284	29673	8500	8521
285	13680	22181	5
286	12661	12641	12655
287	3202	20029	20043
288	26447	9545	9561
289	7	13824	13840
290	20	24078	8
291	25209	12417	25186
292	20179	7443	20203
293	10516	2134	10502
294	12576	4100	12565
295	7553	7522	7541
296	18541	5843	18525
297	5332	26364	5320
298	3613	24688	3600
299	8538	7	8524
300	20	19535	8
301	6163	6149	6175
302	16232	3501	28775
303	25014	12402	3946
304	10579	7	27429
305	17458	17474	4728
306	32843	3	15965
307	8	5036	5057
308	21162	29634	4235
309	5	8937	8950
310	18412	1535	1548
311	9491	5	21
312	20623	7	7983
313	5	12417	12515
314	16	28	4
315	5537	18117	18277
316	28155	7083	7105
317	7908	20582	20598
318	26300	5077	13658
319	29594	8498	16929
320	3177	15863	24468
321	9319	26284	7
322	26979	5926	4
323	7092	15570	28297
324	598	17527	9
325	20945	9	24
326	19060	5	2188
327	9070	560	26027
328	8349	8333	7
329	15754	15739	7214
330	7614	8	24390
331	15557	28404	2909
332	22055	5052	5073
333	12890	21327	5
334	24789	3678	3699
335	24587	5	7682
336	15718	15726	15704
337	7	11318	11334
338	7645	7661	7675
339	28487	7	21
340	7	14810	6348
341	12858	4423	5
342	7	18648	18632
343	9594	9619	9609
344	340	364	354
345	468	495	482
346	996	1022	1010
347	2294	2325	2313
348	5007	5031	5021
349	31926	19	5
350	19169	19214	2388
351	5410	5424	18074
352	25232	25246	4072
353	21132	21146	5
354	6	31996	6691
355	5	20	34
356	2308	2296	2285
357	5	25657	19
358	10062	10046	10075
359	20	7	32
360	19761	32510	6
361	18	16119	6
362	3	7876	24669
363	22577	22593	9904
364	32015	5	15092
365	25209	7	8382
366	14256	27011	7
367	20989	4060	29542
368	28247	2854	9
369	26182	4975	13508
370	7	15034	23411
371	12704	12725	29559
372	6566	19141	19154
373	20964	20976	20950
374	23525	2399	2420
375	9843	22593	22616
376	23616	22	9
377	329	12987	21403
378	20510	9	7675
379	7867	24672	24688
380	5	11842	11863
381	9	3302	11707
382	4316	4331	4345
383	12076	12090	12102
384	6243	6259	6270
385	873	894	908
386	540	555	569
387	6366	6345	6378
388	33145	24667	3500
389	1389	30938	1412
390	6550	23402	6573
391	5718	26829	5739
392	15023	2294	15038
393	23388	10578	31796
394	5	17890	5197
395	15576	7108	23936
396	21489	13140	5
397	23	9	8758
398	6813	27829	15248
399	19699	7117	28065
400	21432	12888	6
401	30754	1113	30766
402	1251	26626	9709
403	16639	8105	25069
404	20564	12069	28980
405	28078	19778	2883
406	7025	7009	19636
407	13616	13602	47407
408	7007	6995	19727
409	16162	16141	28865
410	11857	11843	24508
411	9178	9153	21832
412	19693	19679	5
413	10391	10376	8
414	18484	5728	5
415	31425	14606	14622
416	25318	12661	12677
417	2937	19806	19895
418	5870	22709	22725
419	24079	7263	7285
420	29632	12690	12674
421	5768	18456	18443
422	7	14663	14650
423	13405	21903	21891
424	27746	22	8
425	10943	19479	2480
426	19772	28220	11318
427	8	4316	21235
428	4496	12953	6
429	20832	7	12329
430	3485	20382	28967
431	5	17668	17682
432	19208	2285	10795
433	16	28104	6
434	21	7	33
435	12036	12024	12048
436	21565	21551	7
437	1848	1833	1862
438	14775	14761	14787
439	6	25773	20
440	16684	16668	16695
441	8319	8305	8331
442	20	6	34
443	2908	2892	2920
444	14363	14347	14374
445	6992	6978	7004
446	19	5	32
447	8865	3	8879
448	29443	21046	5
449	8	22886	22
450	7	896	17855
451	13979	1306	13965
452	7	19159	31858
453	9191	9212	26017
454	19841	19825	9
455	31319	6	14471
456	29338	8236	8250
457	4597	17327	17341
458	14105	20	7
459	16577	3910	25012
460	17913	5173	30604
461	15401	2706	23818
462	20612	7961	29156
463	25967	13202	412
464	3982	25213	12422
465	10001	7	27056
466	24605	7601	7587
467	9	10469	10453
468	18069	5345	5333
469	23295	10492	10479
470	1398	22591	22578
471	6509	23	7
472	5	31983	6510
473	23897	2891	2912
474	29200	8015	16512
475	8686	21488	21509
476	18395	6	1569
477	9286	708	30311
478	12181	12167	3764
479	599	25985	17556
480	22192	13774	5270
481	11214	2749	28108
482	22491	22505	9733
483	3758	3744	24861
484	7807	7	24677
485	5	4986	13434
486	4526	25693	4514
487	46046	12175	20588
488	20310	5	15797
489	2062	18960	2048
490	5	19	31
491	18445	1520	18459
492	17214	4603	17202
493	28015	11086	28000
494	22460	5605	22448
495	5537	22447	5523
496	20020	3027	20041
497	9588	26488	9602
498	18202	1242	18186
499	10321	22961	10335
500	5	6785	27992
501	17	27	5
502	2042	2054	2030
503	5016	5030	4995
504	20	30	8
505	14767	27485	14753
506	16888	29640	16869
507	7	2520	32241
508	29346	16744	16728
509	5040	7	26152
510	21808	9150	9138
511	27521	10578	10565
512	5591	22529	22516
513	21916	4978	4958
514	10878	23544	23532
515	27250	6041	6055
516	29953	4570	4556
517	28210	2872	2888
518	3866	3881	3895
519	5	5811	5828
520	12740	4255	12726
521	13678	1021	1033
522	18494	18508	18520
523	14907	2222	2237
524	13987	1336	1351
525	6	22697	31164
526	24856	24879	3517
527	9611	9625	22311
528	14040	14048	14028
529	10728	10714	10740
530	20123	20139	20215
531	16923	25385	25393
532	25571	114	130
533	12146	20670	20652
534	24866	24880	6
535	6562	14967	14981
536	2232	10723	10737
537	29275	3956	3977
538	7276	15715	15728
539	20279	20293	20306
540	20049	20063	32770
541	11971	11985	11997
542	7	23	7400
543	20	30915	7
544	3799	3781	24787
545	5807	5793	26916
546	12748	12725	33
547	9540	9527	9
548	11572	3157	24252
549	13319	4747	25854
550	24909	16431	3715
551	26360	17961	5174
552	28263	19824	7189
553	1491	7	18564
554	26100	9290	9303
555	1177	18029	18043
556	26447	9554	18004
557	23788	6944	15387
558	3260	24457	24443
559	24388	7531	7546
560	28143	11215	11231
561	4025	20953	20941
562	16113	18	4
563	3	15259	23649
564	31423	5	20
565	386	421	409
566	9427	22030	9441
567	23136	2000	23150
568	30733	1166	5
569	7077	7093	28226
570	7623	7638	9
571	4923	4935	4904
572	11836	11850	11817
573	3134	3158	3148
574	6041	6053	6028
575	14764	14788	14776
576	1701	1713	1685
577	14122	14146	14136
578	3734	3761	3750
579	3316	3	7
580	2804	2818	2831
581	7	21	33
582	1977	1949	1965
583	14841	14817	14831
584	1596	1569	1584
585	28	4	16
586	15431	15445	15410
587	27580	5	27565
588	21	26079	7
589	14780	6271	6
590	11348	2973	19897
591	23	7	11710
592	20612	20596	20626
593	1668	31211	1689
594	20432	20405	20420
595	8734	8707	8722
596	29	5	19
597	18031	18045	18012
598	20508	20526	20380
599	20	30	8
600	17	27	5
601	6206	6221	19016
602	40	52	12778
603	31389	5	1682
604	6248	6232	6260
605	7	29340	21
606	20093	11593	28483
607	18890	10456	27340
608	21	7	5116
609	7374	7398	7386
610	4957	4983	4971
611	5	31	21
612	3	20000	19980
613	11683	11708	11698
614	23342	4	31779
615	1051	26417	1067
616	15456	7005	15472
617	15124	15108	27947
618	5	21245	19
619	50	29700	8404
620	12647	4210	12661
621	5	26711	19
622	23604	2508	10966
623	3258	11773	20233
624	5478	13920	22511
625	27861	7	2475
626	14720	23148	23134
627	7	4534	4520
628	24977	3865	3851
629	3	15123	15109
630	25604	159	145
631	2032	10437	10424
632	25285	17	5
633	27602	10679	2396
634	22770	1734	1645
635	5	10439	10389
636	18321	1395	1381
637	5137	22066	22055
638	13085	5	21
639	18383	5	20
640	28232	11378	19748
641	24585	7	11907
642	774	13486	21878
643	11459	24250	7
644	19880	7	11427
645	7	22801	22820
646	8834	8854	21444
647	5	17	10355
648	13853	1089	1105
649	27904	10835	10850
650	8028	24921	24935
651	8573	25599	7
652	6	15686	15700
653	29057	3662	3675
654	5922	5936	5948
655	23830	32268	7
656	24422	7	11845
657	7	10431	23053
658	25575	17185	9
659	24452	24466	4
660	1183	1193	1169
661	21908	21924	853
662	7	20	5748
663	27003	10077	10089
664	11517	28385	7
665	7899	29156	7884
666	14281	1653	14269
667	9	14248	31316
668	1605	26972	10150
669	5	22365	5302
670	7	19	10995
671	3568	3547	3580
672	6051	6030	6065
673	14808	6243	14821
674	299	25684	8890
675	3701	29070	12151
676	13261	4659	13278
677	924	910	13702
678	6	21678	4833
679	16712	16638	29385
680	21183	21169	7
681	7	31845	10612
682	17614	734	9226
683	24268	7315	15803
684	5	8923	8937
685	19477	19492	19502
686	3920	24890	3905
687	2165	23261	2151
688	10789	27471	10767
689	30552	13561	4
690	6061	23016	23032
691	23040	9	6202
692	8225	8209	25111
693	11557	11545	5
694	11786	3288	11806
695	8018	8004	8031
696	25135	25120	5
697	15934	15920	28602
698	38717	4775	21708
699	5	30872	18110
700	11142	11158	2731
701	7	28050	19660
702	9327	9313	9301
703	18	5	30873
704	21236	12824	3
705	6	16991	17006
706	26961	14259	14272
707	7158	32573	7
708	931	907	919
709	9959	9935	9949
710	6	24452	24466
711	2992	28309	5
712	17657	9171	17673
713	5	23124	19
714	5	29415	12544
715	25966	13116	5
716	26536	9596	8
717	5	16009	19
718	10874	7	10860
719	26786	3	26774
720	12506	4044	12492
721	21	22993	7
722	28693	16026	8
723	25160	8306	8286
724	2687	9	27979
725	7791	7807	8
726	7	19	26734
727	6350	19155	6366
728	31869	2198	9
729	4563	4577	17258
730	13627	22243	6
731	20759	20773	20786
732	2583	2597	2611
733	5574	5588	5600
734	4841	4854	4868
735	7968	7982	7994
736	7	21	34
737	20017	28262	7
738	7	6592	19378
739	937	26347	948
740	2490	5	2504
741	18023	3	18037
742	9284	4	17823
743	5	9581	19
744	3	6083	6068
745	4559	4583	4571
746	2193	2221	2207
747	24550	5	33077
748	582	17570	9075
749	7807	29087	16317
750	26859	5694	7
751	5496	22350	5484
752	8542	25444	8555
753	22507	5461	22352
754	8769	25676	8755
755	24682	7689	24670
756	22	24054	8
757	23792	11234	23806
758	5	27358	20
759	14039	1360	14027
760	12573	4083	12561
761	22	22591	7
762	17996	5	5197
763	12764	12750	83
764	23573	23558	10840
765	13902	5395	30774
766	22361	9591	1158
767	12859	5	21335
768	5684	22661	14146
769	20368	3524	28830
770	316	17246	8794
771	27707	10800	7
772	27424	2104	2090
773	4653	13147	13116
774	14315	22903	22889
775	1925	10366	10379
776	5	7298	19999
777	37	62	16323
778	14498	22909	9
779	159	12737	138
780	1051	9559	26430
781	2251	10716	27590
782	6634	23513	6613
783	23456	2277	14920
784	24237	7300	24223
785	10339	10313	10329
786	4451	17150	7
787	16392	29040	7934
788	27116	5888	18611
789	20687	3588	20663
790	24472	7555	24460
791	20	13833	7
792	15344	15318	15334
793	8916	17381	423
794	26447	1083	18029
795	10831	19431	2392
796	27053	5	14487
797	1160	22312	22300
798	7499	3	7509
799	5	32430	32418
800	7	26028	13359
801	6328	6314	27516
802	14097	14082	1368
803	4523	4503	29809
804	14497	14485	6091
805	17	5	26241
806	17518	618	9132
807	808	17701	26185
808	9668	26520	1215
809	22391	5341	13881
810	23645	10865	23624
811	4427	7	4414
812	8281	29413	8268
813	1796	1809	1821
814	4423	38310	4412
815	5	13419	26103
816	6686	4	6673
817	18	28	7
818	9979	9993	3
819	28	5	18
820	10612	27446	10596
821	8843	21386	353
822	25293	8294	25273
823	7	18946	27401
824	18647	18627	18641
825	15158	23696	2465
826	14110	26760	5690
827	22065	787	13593
828	9339	17686	6
829	858	878	13547
830	7600	16077	24538
831	17172	17185	5
832	6543	6557	19230
833	31481	5	1881
834	4630	25918	4646
835	7942	29128	7957
836	6247	27473	6263
837	24840	12080	33401
838	18686	5879	27118
839	18379	5653	26796
840	35320	5840	35334
841	12820	193	21291
842	14903	2170	27506
843	9	19573	6742
844	13335	13349	13321
845	26665	5	26651
846	9418	9391	9406
847	20	29377	7
848	16944	16928	16956
849	11674	11643	11664
850	5150	5136	5164
851	8341	8355	8366
852	5823	5839	5851
853	5845	5831	5856
854	5499	5513	5526
855	7334	7346	7358
856	24	8	36
857	16097	7	16111
858	11818	6	11838
859	3650	28974	3671
860	10429	1912	10445
861	12419	3913	12433
862	19	3	33
863	23513	23500	5
864	19	5	20419
865	5	17	14461
866	2281	27645	2268
867	12363	3886	12349
868	2574	28014	2562
869	8830	307	8819
870	251	29869	230
871	2974	28251	2962
872	117	25457	101
873	24048	15628	24033
874	1854	27172	1842
875	21992	13496	21980
876	10346	1858	10334
877	2604	27877	2585
878	19464	2446	10928
879	19616	11035	19638
880	17516	504	9031
881	3349	24632	3335
882	30039	13200	5
883	3830	20727	29233
884	16423	6	7899
885	4018	29295	5
886	12413	3953	12427
887	24238	15595	32632
888	13160	4867	21617
889	1121	26535	9541
890	17530	9007	25933
891	670	21783	686
892	12913	171	12927
893	5	20747	19
894	23970	7004	15398
895	28171	11294	19776
896	25097	8261	16808
897	4504	25558	4488
898	15835	3185	15822
899	20	24395	8
900	6652	4	6666
901	4660	4688	4676
902	4369	4401	4389
903	28350	19	7
904	5459	13933	13945
905	9	724	9255
906	16617	16631	29274
907	21627	21642	483
908	1548	1561	14240
909	22260	22276	1141
910	4475	4487	17135
911	14059	14073	26866
912	10117	10131	22757
913	23236	23257	9
914	1612	1628	22832
915	21830	7	13307
916	15419	23850	6933
917	8032	8048	8056
918	7808	7820	7828
919	6230	23088	6216
920	18839	9	18818
921	6258	23315	5
922	8202	5	20886
923	14458	14439	6
924	5	21575	450
925	19	7	12446
926	10190	10203	10215
927	2701	2716	2730
928	27884	27899	5
929	25180	25193	7
930	15157	15170	27979
931	10801	10817	10828
932	25383	25395	4250
933	11716	11730	11743
934	7736	7759	7771
935	7	22	10377
936	713	686	701
937	11801	11774	11788
938	9574	9547	9562
939	33	5	21
940	16350	3772	3786
941	7	17164	17153
942	3459	33022	3445
943	7371	7338	7359
944	5449	5437	5423
945	32	20	5
946	6943	6923	19605
947	20818	20804	7
948	304	285	17083
949	4	30800	5373
950	7466	15998	24435
951	13069	21530	9
952	19927	32595	5
953	21587	489	13175
954	27106	6003	18692
955	7583	20236	6
956	11651	28610	11635
957	11821	28785	11808
958	5	5992	31290
959	9894	9923	9911
960	9389	22010	9405
961	10003	22781	10018
962	7480	20120	7496
963	21166	5	21181
964	6063	18730	6079
965	22835	1693	22852
966	4	5386	20
967	19656	7183	7162
968	1117	5	26485
969	33	21	5
970	23301	10676	10655
971	23223	10606	10587
972	7492	7519	7508
973	29190	23	7
974	3086	3099	3113
975	6	22	12075
976	631	9197	9221
977	25940	5	18
978	5	30928	5653
979	4573	4588	4602
980	56	71	85
981	6080	6095	6111
982	9744	9758	9771
983	1169	1184	1196
984	5	21	35
985	8404	8388	8418
986	2643	2624	2657
987	9798	9783	9812
988	848	832	860
989	9	32488	23
990	15368	2782	2798
991	23102	10488	10509
992	1805	22962	22975
993	7858	28890	7
994	11610	3	3086
995	9	22255	22271
996	8070	8085	8097
997	25616	19	5
998	3	28	18
999	3	16574	16562
