Reaction test v3
type	A+B+C
number	1000

max value	65536
unit	us

test	A	B	C
0	11	15	23
1	5	35	30
2	8	26	15
3	15	25	19
4	14	8	28
5	11	15	27
6	13	24	8
7	13	8	34
8	13	27	9
9	8	13	26
10	9	29	15
11	27	13	9
12	5	52	23
13	28	8	14
14	42	28	9
15	24	81	8
16	15	29	11
17	13	8	28
18	13	25	9
19	13	23	8
20	21	25	16
21	15	29	9
22	12	7	25
23	13	8	28
24	6	24	13
25	11	57	15
26	23	44	9
27	36	7	23
28	23	14	18
29	7	13	25
30	29	17	12
31	15	29	11
32	11	29	15
33	9	27	13
34	16	25	21
35	43	26	10
36	28	10	15
37	33	17	13
38	10	14	28
39	11	15	29
40	10	30	17
41	18	34	14
42	7	22	36
43	13	9	27
44	9	13	27
45	7	11	56019
46	18	14	23
47	17	13	23
48	8	15	28
49	23	14	18
50	15	29	11
51	15	11	31
52	22	85	5
53	15	27	10
54	10	28	14
55	28	14	10
56	31	7	26
57	27	10	15
58	24	5	38
59	48	28	11
60	43	10	24
61	8	30	36
62	40	25	9
63	25	38	5
64	11	15	31
65	15	27	11
66	32	13	9
67	262	143	7
68	13	9	29
69	29	10	17
70	8	13	27
71	17	30	12
72	27	13	9
73	9	27	13
74	44	7	23
75	5	40	22
76	10	15	30
77	28	14	10
78	9	25	36
79	10	32	36
80	13	7	27
81	26	8	14
82	10	15	30
83	30	10	17
84	13	8	28
85	10	15	28
86	15	11	29
87	13	8	26
88	15	11	27
89	13	27	9
90	18	23	14
91	15	5	31
92	9	27	13
93	27	9	13
94	17	21	12
95	8	26	13
96	9	40	17
97	9	13	29
98	26	16	12
99	17	31	13
100	27	13	9
101	29	11	17
102	15	32	10
103	6	24	51
104	27	9	13
105	15	28	10
106	27	8	15
107	15	11	31
108	15	29	11
109	13	29	9
110	14	10	30
111	10	14	28
112	8	27	13
113	13	24	8
114	9	29	15
115	11	15	29
116	15	29	11
117	16	28	12
118	10	28	15
119	7	25	13
120	18	5	73
121	28	7	34
122	13	27	9
123	16	12	23
124	27	13	9
125	25	14	20
126	66	22	7
127	6	28	32
128	28	8	15
129	12	30	16
130	6	124	114
131	17	10	30
132	10	28	16
133	29	9	15
134	40	10	15
135	10	27	15
136	5	47	22
137	21	46	5
138	10	15	28
139	27	10	15
140	8	13	26
141	40	9	28
142	18	14	24
143	15	11	29
144	85	25	7
145	9	27	13
146	16	10	34
147	9	13	29
148	9	13	27
149	9	13	27
150	26	5	32
151	27	11	17
152	25	13	9
153	44	9	26
154	32	7	28
155	13	9	22656
156	29	15	11
157	10	28	15
158	15	29	11
159	31	9	19
160	27	9	15
161	8	13	27
162	10	15	30
163	24	14	20
164	8	13	28
165	10	15	28
166	11	29	17
167	8	13	26
168	15	10	30
169	13	9	25
170	15	29	11
171	29	11	17
172	13	27	9
173	15	11	29
174	13	26	8
175	6	13	26
176	29	11	15
177	15	10	29
178	9	15	29
179	15	9	29
180	13	7	27
181	10	14	30
182	17	13	33
183	10	29	15
184	13	8	27
185	11	15	34
186	15	28	10
187	21	15	25
188	30	13	9
189	38	9	28
190	29	15	11
191	26	13	8
192	10	14	28
193	29	15	11
194	30	13	8
195	26	8	14
196	27	13	9
197	15	10	30
198	7	13	27
199	63	11	24
200	8	28	34
201	9	13	27
202	26	9	30
203	25	7	13
204	7	25	13
205	12	17	23
206	27	9	13
207	17	13	29
208	6	13	25
209	15	27	11
210	35	7	23
211	29	11	15
212	11	27	17
213	26	10	15
214	13	25	9
215	26	6	13
216	10	30	16
217	26	8	14
218	11	27	15
219	5	23	66
220	24	9	51
221	3	13	9
222	13	7	25
223	28	10	14
224	25	14	21
225	31	9	15
226	15	29	11
227	27	9	15
228	29	15	11
229	13	25	9
230	26	15	10
231	9	27	13
232	4	20	66
233	26	7	55
234	6	13	26
235	10	14	17724
236	5	21	106
237	8	14	28
238	24	10	40
239	13	8	26
240	9	27	15
241	68	13	9
242	29	9	15
243	31	17	13
244	29	25	7
245	28	33	9
246	15	29	11
247	27	8	15
248	32803	7	13
249	28	12	16
250	70	9	24
251	9	13	31
252	26	8	15
253	11	15	31
254	27	13	8
255	40	8	28
256	8	27	13
257	17	29	13
258	8	27	13
259	26	13	8
260	28	10	16
261	9	27	13
262	27	9	15
263	9	15	31
264	105	6	22
265	11	29	17
266	6	26	13
267	9	13	29
268	27	9	15
269	27	13	9
270	13	9	27
271	15	11	29
272	15	29	10
273	16	30	12
274	15	11	31
275	7	38	24
276	29	15	11
277	11	15	29
278	31	15	11
279	14	8	28
280	15	11	31
281	8	53	13
282	23	9	83
283	36	23	7
284	27	15	10
285	15	11	29
286	15	11	29
287	10	68	26
288	9	13	29
289	26	6	13
290	29	9	15
291	23	18	14
292	29	12	17
293	68	7	23
294	26	8	13
295	17	13	22
296	27	9	13
297	9	33	13
298	5	67	19
299	28	15	10
300	10	17	36
301	10	17	30
302	9	27	13
303	15	10	29
304	15	33	11
305	15	11	29
306	8	26	13
307	13	9	29
308	24	13	8
309	25	6	13
310	29	17	13
311	38	7	26
312	13	27	9
313	29	15	11
314	29	15	10
315	9	13	27
316	29	9	15
317	27	7	13
318	28	17	12
319	26	10	15
320	9	13	29
321	11	15	29
322	7	26	31
323	23	19	14
324	29	11	17
325	8	23	13
326	10	15	28
327	16	28	12
328	29	15	10
329	13	8	28
330	9	13	27
331	28	10	16
332	34	10	16
333	8	30	13
334	9	31	15
335	11	44	28
336	25	9	13
337	12	23	18
338	10	28	14
339	13	26	8
340	9	24	44
341	13	27	9
342	10	15	30
343	13	26	8
344	25	21	16
345	27	9	15
346	29	15	11
347	10	28	16
348	20	81	6
349	25	21	16
350	9	13	33
351	28	11	72
352	10	28	17
353	26	94	8
354	19	15	25
355	15	29	11
356	29	11	15
357	15	25	11
358	10	15	34
359	15	28	10
360	11	15	29
361	25	13	8
362	13	27	9
363	27	9	13
364	15	83	11
365	10	16	28
366	10	15	30
367	20	5	47
368	12	17	31
369	15	11	29
370	12	23	18
371	13	9	27
372	9	27	15
373	16	28	12
374	15	27	11
375	8	13	28
376	13	33803	9
377	38	5	33
378	1164	15	10
379	10	15	28
380	9	29	15
381	11	15	31
382	7	22	44
383	28	10	15
384	23	14	18
385	25	9	13
386	8	13	26
387	9	13	27
388	13	31	9
389	7	46	19
390	13	9	27
391	17	11	31
392	31	11	17
393	31	7	26
394	88	6255	7
395	15	10	28
396	9	30	87
397	34	17	12
398	10	14	28
399	13	27	9
400	9	29	15
401	7	23	81
402	23	19	14
403	10	28	16
404	28	10	15
405	27	9	15
406	10	15	28
407	69	24	10
408	13	9	29
409	26	13	8
410	27	15	11
411	27	13	9
412	9	27	13
413	17	11	31
414	27	13	9
415	41	26	10
416	32	10	17
417	15	29	11
418	27	13	9
419	49	24	8
420	27	9	13
421	15	27	11
422	9	13	27
423	15	11	29
424	15	27	11
425	25	7	13
426	13	27	9
427	15	29	11
428	34	17	13
429	7	27	13
430	15	28	10
431	21	47	5
432	17	11	31
433	9	27	15
434	13	31	17
435	11	29	15
436	24	13	8
437	15	26	10
438	9	13	29
439	27	15	11
440	28	14	10
441	13	27	9
442	15	29	10
443	13	25	8
444	17	25	21
445	25	13	9
446	15	9	29
447	17	29	12
448	9	13	27
449	17	31	12
450	24	9	53
451	11	7	23
452	14	10	28
453	11	15	31
454	8	24	38
455	23	19	15
456	63	5	21
457	21	12	17
458	9	13	29
459	28	13	8
460	8	13	28
461	11	29	17
462	29	15	10
463	8	15	27
464	15	28	10
465	12	16	21
466	9	13	27
467	8	13	26
468	26	10	15
469	9	66	25
470	9	27	33
471	9	15	27
472	15	30	10
473	15	29	11
474	9	27	13
475	5	32	22
476	13	27	9
477	30	15	10
478	11	17	31
479	5	37	23
480	27	15	10
481	15	32	10
482	27	13	9
483	18	23	14
484	11	15	27
485	27	15	11
486	28	10	15
487	15	10	32
488	24	41	6
489	36	7	22
490	10	26	14
491	7	27	13
492	11	29	15
493	8	26	13
494	9	27	15
495	15	29	10
496	50	38	5
497	8	24	53
498	9	55	28
499	43	57	39
500	20	5	32
501	25	9	15
502	35	7	23
503	27	13	9
504	10	29	17
505	15	8	27
506	20	14	25
507	13	9	25
508	30	7	26
509	20	7	32
510	8	86	24
511	7	22	36
512	34	22	9
513	30	10	16
514	12	17	23
515	25	13	9
516	15	11	29
517	16	12	56
518	15	10	30
519	81	24	9
520	13	8	30
521	9	13	27
522	26	64	10
523	8	13	30
524	11	15	29
525	15	11	29
526	28	15	10
527	27	15	11
528	26	6	66
529	9	15	29
530	9	13	27
531	21	5	36
532	9	9358	13
533	95	9	13
534	27	7	13
535	15	9	29
536	8	28	14
537	28	10	15
538	13	28	8
539	12	17	28
540	8	26	40
541	9	24	36
542	29	11	17
543	16	28	12
544	19	68	7
545	38	25	9
546	21	42	5
547	11	29	15
548	29	15	11
549	6	13	26
550	13	23	19
551	70	5	21
552	30	17	12
553	15	29	10
554	27	13	9
555	15	29	11
556	9	13	29
557	11	29	17
558	21	25	16
559	9	15	32
560	27	13	8
561	27	9	13
562	27	11	17
563	13	27	9
564	7	35	23
565	13	27	9
566	9	27	15
567	29	11	15
568	15	28	10
569	22	6	43
570	15	29	11
571	21	5	36
572	24	6	84
573	19	15	23
574	13	9	27
575	11	6	26
576	7	23	271
577	7	13	27
578	12	17	28
579	11	15	29
580	55	23	9
581	28	14	10
582	13	27	9
583	10	28	15
584	27	13	9
585	26	8	15
586	13	9	29
587	11	27	15
588	24	8	30
589	40	9	26
590	19	15	25
591	10	30	17
592	8	15	28
593	10	14	28
594	13	9	25
595	29	15	11
596	11	29	15
597	42	53	37
598	38	8	24
599	28	8	15
600	28	15	10
601	9	25	13
602	29	11	15
603	11	17	29
604	53	8	26
605	19	23	14
606	29	15	11
607	27	9	13
608	10	28	17
609	11	15	29
610	9	13	29
611	24	9	45
612	8	27	15
613	16	25	20
614	15	28	10
615	29	10	15
616	25	42	11
617	13	8	26
618	7	53	13
619	11	15	32
620	30	10	16
621	7	42	24
622	13	25	9
623	27	11	15
624	8	28	14
625	9	13	27
626	9	27	13
627	10	16	30
628	53	7	25
629	27	13	8
630	32	16	12
631	26	9	40
632	26	8	13
633	13	23	9
634	17	29	12
635	31	17	13
636	36	11	17
637	7	23	13
638	27	8	13
639	12	16	30
640	10	15	30935
641	9	13	27
642	27	7	13
643	15	27	11
644	17	31	13
645	9	36	25
646	31	15	11
647	13	27	8
648	296	291	310
649	13	26	8
650	19	14	25
651	13	9	27
652	27	8	13
653	25	13	9
654	26	8	15
655	34	22	8
656	8	13	26
657	29	15	10
658	11	15	33
659	41	8	28
660	12	32	16
661	5	30	36
662	31	11	17
663	10	28	14
664	9	27	15
665	15	29	10
666	27	9	13
667	8	13	26
668	8	13	28
669	28	10	15
670	66	26	11
671	11	29	17
672	26	8	13
673	13	27	9
674	27	13	9
675	28	10	16
676	29	15	11
677	7	26	42
678	15	11	36
679	9	13	27
680	29	11	17
681	13	25	9
682	9	15	27
683	6	13	26
684	9	27	13
685	15	10	29
686	16	28	12
687	13	8	26
688	18	5	47
689	14	25	21
690	13	29	9
691	22	7	44
692	10	16	30
693	11	25	40
694	9	13	33
695	61	43	49
696	9	13	29
697	9	13	29
698	11	15	29
699	30	9	15
700	27	11	23
701	13	8	27
702	29	9	15
703	39	26	8
704	27	9	15
705	7	89	24
706	9	13	25
707	13	27	9
708	8	30	75
709	24	64	6
710	11	29	17
711	17	33	13
712	25	9	13
713	7	36	25
714	10	30	16
715	11	29	17
716	10	28	16
717	5	81	23
718	13	23	19
719	9	13	27
720	15	29	11
721	15	27	11
722	5	20	34
723	27	9	13
724	11	29	15
725	9	15	27
726	13	7	27
727	25	9	13
728	34	4	22
729	9	27	15
730	8	15	26
731	5	23	35
732	21	25	17
733	9	13	27
734	11	15	29
735	15	27	10
736	27	13	9
737	13	37	9
738	11	29	15
739	8	26	13
740	11	29	17
741	17	29	12
742	9	27	13
743	15	27	11
744	13	27	9
745	13	23	19
746	42	15	10
747	28	15	10
748	10	14	30
749	5	40	28
750	9	27	15
751	11	35	30
752	10	26	16
753	40	26	7
754	15	11	27
755	13	9	27
756	10	47	26
757	13	7	27
758	9	27	15
759	11	15	31
760	13	8	7031
761	11	15	29
762	27	9	15
763	28	10	14
764	26	8	15
765	26	13	8
766	15	8	28
767	16	28	12
768	29	11	17
769	15	29	11
770	34	21	7
771	11	17	31
772	8	25	13
773	27	13	9
774	25	9	13
775	28	10	16
776	11	33	15
777	27	13	9
778	8	13	30
779	14	26	10
780	18	43	5
781	15	79	10
782	11	29	17
783	15	29	11
784	40	3	28
785	29	11	17
786	85	67	71
787	70	24	9
788	31	11	17
789	32208	13	8
790	29	11	17
791	27	13	9
792	27	9	13
793	8	13	26
794	7	25	13
795	13	27	9
796	17	29	13
797	15	19	25
798	15	29	11
799	9	27	13
800	15	9	27
801	27	15	11
802	11	29	15
803	7	27	13
804	9	27	13
805	27	9	13
806	11	15	29
807	13	27	8
808	27	15	10
809	29	11	17
810	29	15	11
811	8	24	36
812	29	11	15
813	9	27	13
814	28	16	12
815	7	11	27
816	10	28	15
817	15	11	31
818	11	29	15
819	15	27	11
820	13	9	27
821	13	21	17
822	25	13	9
823	9	15	33
824	10	29	17
825	25	14	20
826	17	29	12
827	9	15	29
828	15	11	33
829	10	15101	15
830	17	10	34
831	8	24	38
832	7	13	27
833	7	11	27
834	17	29	12
835	8	26	43
836	28	10	15
837	32	15	10
838	9	36	24
839	20	24	16
840	15	27	10
841	15	29	11
842	28	10	16
843	8	26	14
844	10	30	17
845	26	8	15
846	34	6	13
847	11	29	15
848	10	28	16
849	8	13	26
850	32	10	17
851	24	10	40
852	26	13	8
853	17	11	29
854	100	7	13
855	23	18	14
856	28	13	8
857	16	32	12
858	27	15	11
859	9	27	15
860	15	29	11
861	25	13	9
862	5	1980	4070
863	29	15	11
864	9	27	15
865	9	27	15
866	21	12	16
867	7	40	24
868	13	9	27
869	15	11	31
870	15	11	29
871	29	10	15
872	27	10	15
873	9	25	13
874	45	4	20
875	10	17	29
876	9	27	13
877	13	8	26
878	10	15	30
879	15	11	31
880	29	17	12
881	25	13	9
882	29	11	17
883	26	43	10
884	27	13	9
885	15	9	29
886	27	7	13
887	10	17	30
888	19	15	25
889	25	13	9
890	8	26	14
891	45	28	59
892	12	30	16
893	27	7	13
894	23	34	9
895	15	29	11
896	29	13	9
897	26	8	14
898	23	14	19
899	29	15	11
900	25	13	9
901	15	27	10
902	23	9	72
903	27	13	9
904	8	13	26
905	29	13	17
906	15	29	10
907	10	15	28
908	9	15	29
909	44	65	71
910	31	12	17
911	21	16	12
912	30	12	17
913	15	10	29
914	13	8	27
915	29	9	15
916	29	9	15
917	13	25	9
918	11	28	34
919	9	13	29
920	25	19	14
921	42	7	22
922	82	98	5
923	27	15	10
924	264	15	11
925	9	13	29
926	31	11	17
927	29	11	17
928	11	29	15
929	11	29	17
930	24	38	10
931	24	48	32
932	22	13	17
933	17	13	36
934	22	36	7
935	25	7	13
936	10	15	28
937	5	40	20
938	13	26	8
939	26	14	10
940	11	15	29
941	9	27	15
942	10	14	28
943	13	9	29
944	15	28	10
945	29	17	12
946	32	20	5
947	15	27	11
948	26	14	10
949	15	29	11
950	34	22	7
951	15	11	29
952	9	70	26
953	9	13	27
954	10	40	15
955	10	15	28
956	13	25	9
957	15	29	11
958	10	29	15
959	11	15	31
960	29	11	15
961	13	9	27
962	29	15	11
963	9	13	29
964	27	9	15
965	25	7	13
966	31	13	17
967	27	9	13
968	14	25	21
969	29	15	11
970	25	13	8
971	33	28	7
972	8	13	28
973	47	6	22
974	27	8	13
975	23	7	40
976	28	10	14
977	7	25	13
978	26	8	13
979	24	6	13
980	25	7	42
981	16	12	21
982	29	15	11
983	13	30	8
984	27	9	13
985	71	10	28
986	5	35	21
987	15	28	10
988	10	14	28
989	13	27	9
990	8	13	28
991	8	26	14
992	9	27	13
993	38	9	26
994	10	28	16
995	15	29	11
996	29	11	15
997	17	13	33
998	77	13	8
999	9	13	29
