Reaction test v3
type	A+B+C
number	1000

max value	65536
unit	us

test	A	B	C
0	17	29	3
1	8	3	15636
2	30	6	20
3	6	22	34
4	5	18	30
5	5	32	20
6	7	3	20460
7	23	35	7
8	22	6	34
9	20	5	32
10	20	7	32
11	7	15305	3
12	7	18	32
13	7	31	19
14	15475	3	8
15	18	6	30
16	19	31	5
17	4	18	30
18	5	20	32
19	20	7	34
20	19	7	31
21	5	18	32
22	5	19	30
23	19	31	5
24	34	7	22
25	3	28	17
26	21	5	35
27	18	5	30
28	5	17	28
29	5	20	32
30	5	19	31
31	20	32	7
32	7	22	36
33	18	30	5
34	36	6	22
35	20	32	6
36	21	33	9
37	9	24	36
38	20	32	7
39	5	28	18
40	7	3	10978
41	20	5	32
42	18	7	30
43	21	31	9
44	23	35	7
45	19	31	7
46	21	35	7
47	5	29	19
48	20	8	32
49	7	21	33
50	7	34	22
51	19	5	36
52	17	5	28
53	17	27	5
54	13156	7	3
55	17	5	29
56	5639	3	7
57	9	33	23
58	16209	3	7
59	6	20	32
60	5	32	20
61	24	7	36
62	3	17	29
63	14345	7	3
64	32	20	6
65	6	18	32
66	7	31	19
67	5	19	31
68	18	30	7
69	5679	7	3
70	38	6	26
71	7	31	21
72	35	7	23
73	7	35	23
74	7	3	13150
75	7	36	24
76	5	31	21
77	9	3	17345
78	18	5	30
79	17	3	3
80	24	9	36
81	7	20	32
82	5	21	33
83	23	7	34
84	17	27	5
85	18	5	30
86	30	7	20
87	3	16459	8
88	5	19	33
89	31	21	7
90	31	5	21
91	18	30	6
92	22	34	9
93	5	31	19
94	6	32	20
95	7	3	13946
96	20	30	9
97	5	21	35
98	58	71	80
99	21	32	7
100	27	3	17
101	3	16	28
102	19	5	33
103	5	21	33
104	18	30	7
105	5348	7	3
106	23	7	35
107	17	3	28
108	16	28	4
109	6	34	22
110	31	7	21
111	21	5	33
112	30	20	9
113	31	19	5
114	29	5	19
115	34	22	8
116	33	5	21
117	34	23	9
118	35	7	23
119	35	23	9
120	3	19	30
121	20	30	8
122	7	3	9822
123	22	9	34
124	19	31	7
125	23	36	9
126	8	19234	3
127	6	22	34
128	7	9154	3
129	6	32	22
130	21	5	33
131	20	7	32
132	6	32	20
133	31	5	19
134	17	28	5
135	21	32	5
136	7	3	14179
137	3	15	27
138	33	21	7
139	5	21	33
140	7	32	22
141	6	30	20
142	34	7	22
143	5	31	19
144	21	7	33
145	21	7	35
146	6	20	32
147	3	17445	7
148	32	8	22
149	35	5	23
150	5	19	29
151	22	36	6
152	22	32	8
153	29	5	19
154	3	7	24281
155	7	21	32
156	36	22	8
157	21	7	31
158	23	7	35
159	33	21	5
160	31	7	21
161	5	29	19
162	31	5	19
163	27	49	66
164	18	6	30
165	32	20	7
166	7	22	34
167	3	16	28
168	20	7	34
169	34	22	8
170	29	5	19
171	30	6	20
172	3	13793	8
173	19	31	7
174	19344	3	7
175	20	8	32
176	24	8	38
177	7	35	23
178	32	21	5
179	23	35	9
180	19183	3	7
181	5	21	35
182	6	38	26
183	18	32	5
184	6	20	32
185	23	7	36
186	5	29	19
187	30	7	20
188	3	7792	9
189	19	31	7
190	21	35	7
191	23	5	35
192	18	5	30
193	17945	3	7
194	29	19	5
195	5	29	19
196	7	3	6269
197	186	179	166
198	7	36	24
199	7	21	32
200	21	7	33
201	7	21	32
202	7	19	31
203	31	19	5
204	5	19	31
205	20	30	8
206	21	32	7
207	7	21	31
208	8	22	34
209	5	30	19
210	5	30	20
211	29	5	19
212	5	32	20
213	14418	3	7
214	30	19	5
215	33	9	23
216	29	5	19
217	5	21	33
218	29	5	19
219	19	29	5
220	7	15262	3
221	31	5	19
222	29	17	5
223	3	30	18
224	3	7	19430
225	19	5	31
226	16631	3	10
227	29	17	5
228	21	35	5
229	17	3	28
230	36	9	22
231	3	95	16972
232	21	32	9
233	6	32	20
234	7	30	19
235	3	7	5412
236	33	21	9
237	35	7	21
238	7	3	23
239	5	29	19
240	6	30	20
241	31	19	5
242	7	21	31
243	32	7	21
244	7	33	23
245	17	29	5
246	20	32	7
247	5	29	17
248	7	35	23
249	26	3	18
250	23	9	37
251	12138	7	3
252	21	7	32
253	21	32	7
254	9	23	33
255	23	36	9
256	29	17	5
257	7	31	21
258	38	22	8
259	3	9909	8
260	20	5	32
261	20	7	32
262	5	32	20
263	19	31	5
264	5	29	19
265	7	22	34
266	13178	8	3
267	118	141	131
268	5	18	30
269	39	22	8
270	9	21	33
271	30	20	8
272	22	9	34
273	18	4	30
274	7	5604	3
275	7	32	22
276	20	6	30
277	30	6	20
278	20	32	7
279	18	5	30
280	20	32	5
281	80	47	68
282	37	25	9
283	18	4	30
284	28	18	5
285	36	8	24
286	21	31	7
287	15351	3	8
288	34	7	24
289	7	20	32
290	34	22	8
291	7	21	33
292	3	13982	7
293	31	5	21
294	7	18	30
295	29	17	5
296	21	5	33
297	26	16	4
298	5	26	40
299	5	19	29
300	5	21	33
301	33	21	7
302	32	5	20
303	21	7	34
304	21	7	35
305	20	30	7
306	33	5	21
307	3	7	5746
308	29	5	19
309	5	19	31
310	31	5	21
311	7	32	21
312	30	6	20
313	34	22	9
314	31	5	21
315	3	3	13074
316	6	60	22
317	30	5	20
318	33	7	21
319	3	7	15873
320	3	19	29
321	7	20	32
322	20	32	4
323	20	7	32
324	3	3	3
325	3	3	17966
326	20	6	32
327	5	28	18
328	22	9	34
329	5	19	31
330	29	5	17
331	5	33	21
332	3	17	29
333	7	22	34
334	5	19	31
335	20	6	32
336	5	20	32
337	3	4522	8
338	8	34	24
339	31	19	7
340	18	4	30
341	7	21	3
342	7	21	33
343	20	30	5
344	5	27	17
345	5	19	30
346	32	21	7
347	32	20	6
348	9	36	24
349	5	29	19
350	31	3	19
351	3	7	10841
352	30	20	7
353	32	7	20
354	32	7	21
355	34	7	23
356	19	29	5
357	8	3	12836
358	20	7	32
359	19	7	30
360	9	24	38
361	10	34	24
362	7	3	15965
363	20	32	8
364	4542	7	3
365	3	29	19
366	60	49	9
367	7	16783	3
368	27	17	5
369	6	20	34
370	7	23	35
371	7	19	30
372	6	18	30
373	5	19	32
374	28	5	18
375	26	9	38
376	14473	8	3
377	6	34	22
378	3	7	6537
379	8	22	36
380	7	32	22
381	4	16	28
382	18	5	30
383	20	6	30
384	7	9507	3
385	32	20	8
386	19	7	31
387	20	32	7
388	19	5	31
389	30	6	20
390	8	24	36
391	3	13629	7
392	33	21	7
393	31	19	7
394	7	30	20
395	7	21	34
396	31	19	5
397	19	31	5
398	18	5	28
399	5	19	29
400	30	5	20
401	19	30	5
402	22	7	34
403	5	19	30
404	21	33	7
405	18549	3	7
406	5	17	29
407	32	20	4
408	5	19	31
409	18	4	30
410	8	15507	3
411	31	7	21
412	35	9	23
413	31	5	19
414	5	29	17
415	22	7	34
416	20490	3	8
417	32	5	20
418	16	4	28
419	3	17	28
420	3	19	31
421	19	31	7
422	12	26	40
423	31	21	7
424	34	23	7
425	28	5	18
426	34	6	22
427	29	5	19
428	20	32	7
429	7	3	23
430	29	3	19
431	10	45	34
432	19	29	7
433	7	3	9367
434	31	5	19
435	3	7	14737
436	30	7	20
437	34	20	4
438	3	16	28
439	29	17	5
440	3	18676	7
441	24	36	8
442	7	31	21
443	18	5	30
444	19	3	31
445	21	7	33
446	17	29	5
447	23	34	7
448	8	3	21070
449	30	4	20
450	33	21	9
451	3	14135	7
452	9	32	20
453	7	3	15793
454	18	32	5
455	16655	3	3
456	19	5	33
457	7	22	34
458	19	30	5
459	7	30	20
460	20	8	32
461	7	33	23
462	6	32	22
463	19	5	31
464	15234	3	7
465	7	32	22
466	3	8	21
467	17	5	29
468	19	33	7
469	22	7	36
470	7	30	20
471	36	8	24
472	4	16	28
473	31	21	9
474	7	23	34
475	20	7	32
476	18397	7	3
477	28	18	4
478	30	6	20
479	20	32	7
480	30	5	19
481	33	7	21
482	34	22	8
483	5	32	20
484	7	33	21
485	18	5	32
486	18	28	4
487	17498	3	8
488	157	163	140
489	29	5	19
490	23	9	35
491	17599	8	3
492	5	18	32
493	19	31	7
494	31	5	19
495	36	9	26
496	3	18130	8
497	20	32	7
498	17	5	29
499	4	34	20
500	6	32	20
501	20	30	6
502	29	19	5
503	3	19	31
504	32	20	8
505	7	20	32
506	9	25	37
507	30	20	6
508	20	34	6
509	22	34	4
510	5	17	28
511	30	5	19
512	35	7	23
513	32	5	20
514	29	19	5
515	7	19	3
516	5	29	19
517	7	35	23
518	31	21	7
519	5	18	30
520	30	19	5
521	19	5	31
522	21	33	9
523	20	7	30
524	7	22	34
525	7	31	21
526	7803	3	8
527	28	4	18
528	7	34	22
529	22	34	9
530	7	30	20
531	32	22	8
532	21	7	33
533	19	5	31
534	15	3	7
535	17	29	5
536	7	34	22
537	5	29	19
538	7	3	20827
539	9	26	38
540	7	31	21
541	8	3	19116
542	32	22	9
543	3	7	10619
544	33	21	7
545	3	14481	8
546	35	23	9
547	31	19	7
548	31	19	7
549	38	22	50
550	17	3	29
551	13015	8	3
552	17	29	5
553	15213	3	7
554	20	6	32
555	5	32	20
556	33	21	7
557	6	30	18
558	31	7	21
559	22	34	8
560	5	33	19
561	22	34	9
562	20	32	7
563	53	5	18
564	36	9	23
565	30	18	6
566	3	31	19
567	33	5	21
568	7	30	18
569	34	22	8
570	28	3	18
571	20	8	32
572	20	32	8
573	5339	3	7
574	18	30	5
575	19	5	33
576	13292	7	3
577	5	17	29
578	3	18	8
579	5	19	31
580	7	19	31
581	22	8	34
582	16	3	28
583	17	29	5
584	8	3	16307
585	7	31	21
586	33	5	21
587	29	17	5
588	19	5	32
589	18	4	30
590	7	20	32
591	17347	7	3
592	77	18	6
593	7	23	34
594	7	23	35
595	30	20	6
596	35	23	9
597	3	3	21088
598	36	20	7
599	3	8	19841
600	5	18	30
601	18	6	30
602	20	32	7
603	5	31	21
604	31	21	9
605	31	19	7
606	30	18	6
607	5	33	21
608	31	21	7
609	3	7	11956
610	30	6	18
611	34	6	22
612	31	7	21
613	3	13680	7
614	19	5	30
615	5	32	20
616	20	30	6
617	21	33	7
618	17	5	28
619	5	18	30
620	16	4	28
621	29	19	5
622	29	5	19
623	3	7	14651
624	20	32	9
625	8	24	36
626	20	5	32
627	27	17	5
628	21	7	33
629	7	21	33
630	5	18	30
631	5	33	21
632	29	19	5
633	8	32	22
634	6	32	22
635	19	31	7
636	30	19	5
637	26	16	4
638	5	30	20
639	7	21	33
640	5	19	31
641	7	16758	3
642	29	7	19
643	3	19	32
644	3	5960	7
645	36	7	24
646	8	3	4576
647	19	7	31
648	36	8	24
649	19	29	5
650	19	33	5
651	7	20	32
652	31	19	7
653	8	22	36
654	31	21	7
655	20	5	32
656	5	17	29
657	9	24	38
658	19	29	5
659	6479	3	7
660	7	20	32
661	11625	8	3
662	5	18	32
663	4	16	28
664	20	6	32
665	30	18	5
666	27	17	5
667	30	3	19
668	5	19	31
669	32	20	8
670	5	19	30
671	7	21	33
672	22	8	36
673	30	5	18
674	3	3	13753
675	18	3	30
676	21	33	7
677	28	4	16
678	22	34	4
679	19	31	7
680	29	5	19
681	34	21	5
682	5	31	19
683	18	4	32
684	29	3	19
685	3	8	6894
686	31	3	19
687	3	7	12984
688	35	7	23
689	3	9346	9
690	20	30	8
691	6	34	22
692	19116	3	8
693	7	23	35
694	31	5	21
695	7	33	23
696	20	32	7
697	7	3	15540
698	21	33	7
699	6660	8	3
700	19	31	7
701	23	7	35
702	5	17	29
703	22	8	36
704	21	7	33
705	12978	3	7
706	5	19	29
707	21	7	33
708	14836	3	7
709	30	5	20
710	22	9	34
711	19	5	29
712	33	21	5
713	21	33	7
714	99	78	111
715	19	5	32
716	28	5	18
717	4	28	18
718	23	35	7
719	16	28	5
720	29	5	19
721	7	34	22
722	5	29	19
723	6	24	36
724	17015	76	3
725	19	7	30
726	18	5	30
727	18	5	30
728	41	19	35
729	31	21	7
730	3	17024	7
731	34	6	22
732	30	20	7
733	7	5377	3
734	7	20	34
735	30	7	20
736	4	24	38
737	31	5	21
738	22	36	8
739	5502	7	3
740	5	21	33
741	34	7	23
742	22	34	7
743	22	34	8
744	8	3	25
745	34	20	5
746	34	23	7
747	23	9	35
748	20399	3	3
749	5	33	21
750	5	30	20
751	9	21	33
752	11353	7	3
753	18	30	5
754	19	31	7
755	21	33	7
756	18503	3	8
757	22	6	34
758	22	6	36
759	22	34	8
760	5	30	20
761	32	22	8
762	5	19	31
763	34	22	6
764	21	33	7
765	19	31	5
766	32	5	21
767	19	29	5
768	7	35	23
769	8	3	17228
770	19	32	5
771	58	70	39
772	23	35	9
773	19676	3	8
774	36	22	8
775	34	20	5
776	5	21	33
777	8	19013	3
778	9	23	36
779	30	5	18
780	34	22	8
781	32	5	20
782	5	53	26
783	16354	3	7
784	33	21	5
785	6	20	34
786	36	9	24
787	32	5	22
788	5	32	20
789	31	5	21
790	34	21	7
791	32	5	20
792	4	32	20
793	20	7	32
794	34	22	7
795	33	5	21
796	6	32	20
797	8	34	24
798	31	19	7
799	3	7	8521
800	7	21	34
801	21	33	7
802	34	5	22
803	8	3	9787
804	21	33	5
805	22378	3	8
806	22	7	36
807	34	9	24
808	5	32	20
809	14020	3	8
810	7	21	33
811	3	17	30
812	20	6	34
813	20	32	6
814	19	7	31
815	20	30	6
816	8	3	12951
817	20	4	32
818	30	19	7
819	18	30	5
820	7	3	17908
821	22	34	8
822	31	5	21
823	31	19	5
824	3	18	32
825	13219	8	3
826	34	23	7
827	23	37	9
828	21	34	7
829	30	7	20
830	6	20	34
831	23	37	9
832	31	19	5
833	8	17668	3
834	22	34	9
835	6	22	36
836	4	18	32
837	26	7	38
838	6	22	36
839	38	25	9
840	4	20	34
841	34	22	6
842	4	34	20
843	32	5	21
844	3	21079	7
845	36	22	6
846	32	5	20
847	3	8986	7
848	22	4	36
849	23	36	7
850	7	34	22
851	8	3	17539
852	18	30	4
853	36	24	8
854	21	33	5
855	6	34	22
856	5	32	21
857	12126	3	8
858	22	6	36
859	20	32	7
860	5	33	21
861	5	35	23
862	23	7	37
863	22	34	7
864	23	7	36
865	34	22	8
866	31	19	5
867	35	7	23
868	22	34	7
869	31	5	19
870	34	21	5
871	6	20	32
872	7	23	36
873	21	33	7
874	22	34	7
875	22	34	7
876	22	7	36
877	9	36	24
878	19	32	5
879	22	34	6
880	5	32	22
881	4	18	30
882	32	20	7
883	9	34	22
884	5	32	20
885	22	7	34
886	14668	7	3
887	16	5	28
888	23	35	9
889	13372	3	9
890	31	19	7
891	28	5	18
892	32	7	20
893	103	76	93
894	31	7	21
895	19	31	7
896	5	28	18
897	18	5	30
898	33	19	7
899	30	19	7
900	33	21	7
901	31	21	9
902	31	19	7
903	7	17559	3
904	21	31	7
905	30	6	20
906	7	30	20
907	3	7	17291
908	22	7	34
909	32	20	6
910	8	32	22
911	7	32	22
912	1987	3	8
913	18	28	4
914	29	5	19
915	17	28	5
916	17	28	5
917	29	3	17
918	35	9	23
919	17	3	27
920	17	29	5
921	18	5	28
922	33	21	9
923	3	17	29
924	16	3	28
925	32	20	7
926	21	33	7
927	27	3	17
928	5	30	19
929	28	16	5
930	18	30	7
931	7	32	22
932	22	34	4
933	30	18	6
934	30	7	20
935	28	18	7
936	21	31	9
937	8	3	6984
938	31	19	7
939	29	17	5
940	29	5	19
941	29	5	17
942	29	5	19
943	4	16	28
944	21	31	9
945	3	32	22
946	5	29	19
947	5	31	21
948	3	27	17
949	28	18	7
950	31	21	7
951	7	22	34
952	34	18	46
953	7	21	33
954	7	20	32
955	5	17	28
956	3	15701	8
957	17	28	7
958	19	5	29
959	19771	7	3
960	54	42	66
961	19	7	31
962	19	7	31
963	20	9	32
964	31	19	7
965	7	31	21
966	18	5	28
967	5	31	19
968	6	20	32
969	18	7	30
970	7	19	31
971	8	16734	3
972	34	21	7
973	5	19	32
974	18	4	28
975	32	20	8
976	28	18	6
977	31	21	9
978	20	30	7
979	31	9	21
980	3	3	16558
981	30	20	8
982	28	17	5
983	19	29	5
984	28	5	18
985	31	19	7
986	3	3	13737
987	34	9	22
988	23	33	7
989	19	31	7
990	29	17	5
991	8	20	32
992	19	5	33
993	30	8	42
994	28	18	6
995	28	16	4
996	30	20	6
997	5	19	31
998	29	19	9
999	3	13241	7

Reaction test v3
type	A+B+C
number	1000

max value	65536
unit	us

test	A	B	C
0	42	30	7
1	7	20	32
2	5	19	31
3	3	17	27
4	3	18	30
5	16	28	5
6	17	5	29
7	21	31	7
8	17968	3	7
9	3	27	17
10	16	26	4
11	19	5	31
12	3	15324	3
13	3	17	27
14	8	15512	3
15	31	21	9
16	7	6978	3
17	7	31	21
18	21	7	31
19	29	5	19
20	3	14411	8
21	19	5	31
22	16	3	28
23	29	19	7
24	3	7	13352
25	28	18	6
26	5	29	19
27	3	29	17
28	31	19	7
29	19	5	29
30	19	31	5
31	19	29	7
32	20	32	8
33	30	5	18
34	26	3	16
35	13993	3	7
36	30	5	20
37	7	21	33
38	20	32	9
39	3	29	19
40	15223	3	8
41	21	31	9
42	20	8	32
43	31	7	21
44	17	5	29
45	18	30	7
46	7	19	31
47	33	21	7
48	26	16	4
49	83	59	73
50	99	118	130
51	29	17	5
52	33	21	9
53	3	8	8932
54	6	18	30
55	7	18	30
56	17	27	5
57	19	5	31
58	4	16	28
59	9	32	22
60	31	7	21
61	19	5	31
62	31	21	9
63	29	5	19
64	21	31	9
65	14361	3	8
66	28	4	18
67	29	19	7
68	7	20	36
69	6	18	30
70	20	6	32
71	18	5	30
72	5	16	28
73	29	19	7
74	3	8	13093
75	7	19	31
76	6	18	30
77	28	7	18
78	7	19	31
79	32	20	6
80	30	18	7
81	19	5	31
82	18	30	5
83	6661	6647	3
84	47	31	55
85	7	19	3
86	3	7	15904
87	24	38	9
88	6	34	22
89	5	29	19
90	29	5	19
91	4	28	16
92	31	7	21
93	27	17	5
94	3	12319	8
95	36	8	24
96	8	3	5686
97	7	22	34
98	3	7	5757
99	22416	3	7
100	8	36	24
101	32	20	6
102	24	8	38
