Reaction test v3
type	A+B+C
number	1000

max value	65536
unit	us

test	A	B	C
0	43	6	1010
1	14	999	983
2	323	296	311
3	260	297	281
4	51	16	35
5	70	40	58
6	765	748	781
7	296	279	310
8	764	792	780
9	148	125	227
10	851	832	811
11	788	740	803
12	59	80	100
13	933	898	917
14	642	663	677
15	662	647	631
16	439	424	314
17	476	494	457
18	97	112	126
19	871	894	914
20	653	669	684
21	987	1016	1004
22	762	693	712
23	387	413	401
24	244	221	263
25	978	1013	998
26	766	742	754
27	297	441	317
28	656	633	676
29	431	464	450
30	699	680	717
31	167	138	153
32	255	271	238
33	11	38	26
34	241	222	257
35	47	63	30
36	459	480	497
37	564	606	587
38	409	423	437
39	844	801	828
40	146	163	124
41	981	965	994
42	493	528	512
43	629	609	588
44	1003	956	1021
45	41	61	20
46	506	487	524
47	118	98	133
48	805	776	760
49	604	590	577
50	508	522	490
51	436	457	471
52	821	800	841
53	208	190	223
54	638	618	653
55	33	1010	52
56	766	807	789
57	542	525	507
58	745	773	761
59	576	593	555
60	354	380	368
61	804	823	783
62	580	545	564
63	430	414	400
64	841	929	909
65	562	590	578
66	1172	1147	1189
67	420	403	381
68	752	792	773
69	531	504	519
70	790	822	808
71	624	645	665
72	54	91	73
73	479	465	447
74	791	824	808
75	526	550	571
76	297	314	332
77	307	342	328
78	814	787	802
79	681	665	696
80	52	88	73
81	1167	1133	1151
82	677	656	696
83	1046	121	10
84	856	897	879
85	87	69	52
86	583	620	604
87	274	257	237
88	158	130	146
89	482	466	540
90	288	324	309
91	270	303	289
92	985	966	945
93	431	456	444
94	670	750	767
95	30	9	47
96	920	899	936
97	203	217	161
98	335	353	312
99	31	96	51
100	811	829	845
101	351	320	341
102	314	300	284
103	873	914	896
104	325	357	343
105	1157	1140	1117
106	935	964	950
107	323	290	309
108	472	503	489
109	451	479	467
110	129	152	167
111	438	473	457
112	1039	1000	1022
113	456	474	488
114	414	430	445
115	645	735	757
116	413	394	374
117	488	508	527
118	444	459	423
119	164	123	146
120	824	865	847
121	733	710	750
122	780	792	765
123	311	288	331
124	486	451	472
125	130	102	118
126	1027	1162	1183
127	629	613	594
128	978	995	1011
129	1065	1081	989
130	102	132	118
131	424	441	402
132	110	150	133
133	703	745	726
134	606	464	621
135	203	163	186
136	620	661	643
137	873	893	860
138	1258	1272	1241
139	555	540	518
140	389	373	352
141	152	129	171
142	830	859	847
143	71	1003	90
144	408	429	447
145	1112	1093	1069
146	860	893	880
147	832	849	809
148	370	386	400
149	408	432	451
150	683	661	640
151	137	123	108
152	667	680	551
153	427	326	312
154	205	216	189
155	273	304	290
156	666	589	575
157	439	453	423
158	616	598	551
159	27	55	43
160	334	296	321
161	696	590	573
162	823	840	799
163	46	62	74
164	213	187	201
165	768	754	738
166	891	855	876
167	98	118	137
168	438	405	424
169	922	941	957
170	422	439	399
171	1143	1120	1161
172	1420	1449	1438
173	234	269	255
174	935	968	954
175	89	50	73
176	36	99	59
177	135	116	95
178	12	34	1039
179	370	331	352
180	239	276	260
181	165	180	149
182	634	652	611
183	619	599	634
184	752	721	738
185	293	265	281
186	157	188	174
187	1090	1059	1074
188	444	471	459
189	420	431	402
190	634	618	649
191	1014	645	624
192	532	506	550
193	694	674	711
194	1816	1845	1834
195	823	839	802
196	792	778	722
197	550	580	568
198	955	928	943
199	1023	1058	1043
200	177	161	142
201	241	225	200
202	194	242	227
203	609	628	644
204	507	470	491
205	551	540	518
206	266	287	306
207	531	515	545
208	63	86	103
209	993	1024	1011
210	363	404	388
211	677	693	660
212	1144	1183	1166
213	687	662	675
214	498	482	465
215	819	838	856
216	8	28	853
217	348	388	371
218	41	70	58
219	315	298	274
220	885	854	871
221	513	559	538
222	808	820	792
223	258	238	217
224	609	624	638
225	737	714	756
226	769	743	757
227	573	589	552
228	414	431	445
229	334	358	377
230	14	37	55
231	418	391	407
232	195	33	182
233	70	55	35
234	742	767	785
235	603	636	620
236	391	428	413
237	345	361	326
238	737	701	720
239	169	142	157
240	151	184	171
241	822	863	845
242	829	816	798
243	899	878	917
244	593	550	573
245	812	775	796
246	991	1011	1023
247	823	835	809
248	422	437	395
249	436	473	457
250	154	133	173
251	135	102	120
252	1098	1138	1121
253	235	350	370
254	203	174	192
255	867	849	828
256	753	783	771
257	52	75	94
258	740	775	759
259	952	972	982
260	1258	1239	1274
261	732	691	714
262	214	173	196
263	342	390	359
264	994	1006	845
265	193	92	209
266	653	634	613
267	179	315	299
268	577	554	596
269	959	999	982
270	480	501	520
271	726	684	705
272	938	1017	926
273	617	599	574
274	281	259	298
275	527	544	504
276	2113	2126	2093
277	952	973	989
278	129	157	145
279	266	243	285
280	151	178	166
281	30	49	8
282	157	311	174
283	773	745	761
284	398	357	380
285	812	848	833
286	72	42	58
287	679	707	695
288	75	54	96
289	379	365	396
290	915	946	932
291	904	861	886
292	698	671	688
293	24	8	1109
294	968	983	946
295	763	794	780
296	913	929	894
297	223	204	183
298	539	564	554
299	684	613	694
300	11	46	30
301	163	149	244
302	218	181	203
303	3822	3808	3792
304	440	405	426
305	52	89	73
306	380	408	396
307	41	60	20
308	831	846	813
309	946	905	928
310	260	277	321
311	303	260	283
312	597	556	579
313	447	464	478
314	345	359	328
315	355	398	380
316	486	504	519
317	679	691	665
318	685	720	705
319	627	608	586
320	233	252	211
321	994	961	980
322	295	265	281
323	129	244	257
324	328	291	311
325	721	739	754
326	529	548	507
327	1038	1073	1057
328	286	268	249
329	936	910	924
330	982	60	39
331	192	227	211
332	841	869	857
333	1028	1010	987
334	253	269	234
335	1028	1058	1046
336	218	192	208
337	798	814	829
338	305	342	326
339	104	78	92
340	225	188	210
341	134	159	148
342	126	169	151
343	173	143	161
344	524	542	552
345	51	68	32
346	38	73	59
347	887	906	865
348	436	531	516
349	597	562	583
350	375	406	392
351	460	440	419
352	553	570	534
353	571	599	587
354	403	438	422
355	801	814	785
356	509	490	468
357	322	347	335
358	708	665	690
359	127	108	144
360	67	85	44
361	580	562	539
362	322	339	353
363	882	923	906
364	803	835	821
365	596	579	483
366	399	384	276
367	812	839	827
368	415	374	397
369	450	429	469
370	436	464	450
371	377	413	398
372	149	176	165
373	244	220	261
374	522	538	550
375	49	34	16
376	333	374	357
377	140	152	126
378	14	1150	1163
379	815	843	831
380	794	778	759
381	528	597	585
382	196	180	161
383	146	171	160
384	55	77	96
385	679	693	674
386	718	868	900
387	456	495	478
388	67	90	107
389	687	640	660
390	62	78	46
391	648	693	672
392	219	202	235
393	591	573	550
394	647	612	631
395	802	779	821
396	291	260	277
397	549	591	574
398	547	595	572
399	1094	1076	1055
400	467	452	434
401	659	690	677
402	625	606	583
403	203	160	184
404	249	266	229
405	892	911	923
406	558	587	576
407	576	553	595
408	607	579	593
409	394	359	378
410	625	608	585
411	788	772	753
412	529	509	544
413	103	116	87
414	550	532	511
415	37	70	56
416	427	456	444
417	134	165	152
418	745	760	727
419	881	860	901
420	279	297	310
421	271	288	304
422	340	301	322
423	582	609	598
424	375	415	398
425	389	419	407
426	733	747	716
427	106	132	122
428	125	142	156
429	669	698	686
430	777	762	742
431	1030	1058	1046
432	901	922	934
433	541	576	560
434	313	296	329
435	1031	1015	1045
436	269	306	290
437	618	771	636
438	708	673	694
439	70	103	90
440	113	127	99
441	110	150	133
442	771	790	749
443	202	181	220
444	530	567	551
445	402	443	424
446	875	890	904
447	563	595	587
448	428	463	450
449	1088	1107	1066
450	1197	1181	1167
451	998	1030	1020
452	416	391	430
453	426	385	408
454	657	639	611
455	656	687	673
456	184	203	140
457	839	816	857
458	100	61	82
459	160	175	142
460	711	694	671
461	874	833	857
462	90	74	101
463	242	275	261
464	149	184	170
465	464	503	485
466	140	173	160
467	500	519	535
468	508	535	523
469	1265	1237	1256
470	75	91	56
471	727	746	766
472	874	951	890
473	395	420	440
474	651	608	631
475	375	394	352
476	387	428	410
477	320	300	279
478	579	612	598
479	745	704	728
480	626	599	615
481	249	272	291
482	605	633	621
483	365	385	342
484	903	919	931
485	300	280	310
486	307	347	330
487	501	520	479
488	614	632	681
489	750	764	623
490	551	509	532
491	7	46	28
492	678	883	696
493	979	944	964
494	892	910	869
495	183	125	169
496	786	820	806
497	196	174	153
498	472	501	489
499	1041	13	1064
500	600	569	587
501	439	404	426
502	175	208	195
503	390	423	409
504	450	429	406
505	923	908	821
506	393	348	371
507	1008	1048	1031
508	220	204	181
509	614	645	632
510	767	744	786
511	208	224	189
512	374	409	395
513	871	830	853
514	981	1020	1003
515	149	261	166
516	438	415	448
517	735	803	754
518	452	467	432
519	672	713	695
520	644	681	665
521	1049	1033	1014
522	24	43	55
523	956	940	968
524	669	649	684
525	428	406	385
526	473	456	434
527	483	522	508
528	291	321	309
529	879	919	902
530	174	203	190
531	846	876	862
532	799	813	782
533	254	287	274
534	310	287	329
535	736	750	762
536	333	374	357
537	444	425	460
538	861	842	723
539	739	782	764
540	270	257	243
541	61	79	95
542	842	861	821
543	883	21	9
544	742	775	761
545	26	761	11
546	422	403	381
547	547	580	566
548	326	365	347
549	933	913	842
550	728	711	689
551	946	1066	966
552	116	175	133
553	1078	1067	1053
554	992	65	77
555	723	758	741
556	419	438	459
557	345	359	331
558	158	139	74
559	60	76	43
560	756	733	773
561	73	56	89
562	1056	1040	1026
563	366	348	376
564	574	544	558
565	428	391	411
566	627	662	647
567	387	352	371
568	456	491	476
569	699	684	713
570	893	883	866
571	933	951	910
572	305	325	286
573	34	51	11
574	778	799	818
575	507	476	493
576	978	1013	996
577	367	398	384
578	537	556	574
579	901	927	915
580	1003	988	966
581	691	728	712
582	816	776	797
583	631	662	650
584	31	50	64
585	441	461	474
586	59	18	41
587	358	338	373
588	16	35	51
589	160	178	194
590	848	807	832
591	208	177	194
592	381	367	346
593	70	55	37
594	544	565	523
595	483	500	516
596	513	536	556
597	2148	2135	2162
598	559	538	578
599	774	801	791
600	286	268	247
601	272	253	290
602	627	609	586
603	1408	1393	1375
604	800	821	839
605	551	532	569
606	782	766	751
607	261	276	241
608	470	502	488
609	205	362	343
610	1356	1323	1342
611	846	821	863
612	423	407	382
613	284	306	325
614	902	890	871
615	217	235	194
616	634	608	622
617	593	634	617
618	1003	976	992
619	114	155	137
620	970	942	960
621	321	282	303
622	895	858	879
623	786	775	761
624	227	245	210
625	36	16	51
626	831	846	811
627	238	255	219
628	990	1000	968
629	1063	1046	1028
630	9	40	28
631	314	347	337
632	1041	1014	1029
633	921	904	881
634	978	997	1014
635	110	141	128
636	1125	1145	10
637	814	831	793
638	316	286	304
639	290	312	331
640	441	467	457
641	840	821	798
642	755	796	778
643	530	517	544
644	541	557	522
645	728	748	763
646	121	103	82
647	923	886	907
648	1080	1058	1099
649	965	953	937
650	684	663	703
651	825	841	806
652	275	305	291
653	394	431	416
654	644	618	632
655	904	863	886
656	882	898	911
657	286	309	327
658	102	120	136
659	610	588	627
660	93	182	168
661	543	502	525
662	788	805	765
663	128	105	145
664	918	949	937
665	545	522	563
666	175	137	158
667	1056	1014	1035
668	881	862	837
669	112	131	89
670	521	536	501
671	793	760	779
672	340	363	381
673	901	938	922
674	553	534	571
675	177	191	203
676	344	330	316
677	1018	1039	1058
678	415	372	397
679	780	763	740
680	372	343	358
681	1012	1031	1043
682	196	55	218
683	1085	1105	1013
684	38	25	7
685	188	175	159
686	832	869	851
687	714	730	605
688	626	590	611
689	918	904	888
690	370	329	352
691	1048	9	30
692	474	493	507
693	152	133	112
694	660	677	637
695	379	364	342
696	148	179	165
697	428	443	410
698	246	231	211
699	590	632	613
700	707	679	695
701	179	161	140
702	123	142	158
703	1060	1039	16
704	1053	1069	1036
705	428	410	387
706	1014	1049	1033
707	1064	1023	1046
708	458	475	435
709	384	401	363
710	1007	984	1025
711	526	547	606
712	311	325	292
713	716	678	697
714	834	814	849
715	197	185	170
716	64	23	46
717	1371	1340	1358
718	784	803	669
719	736	767	753
720	121	158	144
721	475	493	508
722	305	347	328
723	855	837	869
724	720	741	760
725	562	591	577
726	569	608	590
727	142	173	160
728	907	884	927
729	740	766	754
730	228	267	249
731	931	943	916
732	204	225	243
733	1011	982	999
734	661	679	638
735	334	301	320
736	594	608	573
737	188	170	149
738	121	148	137
739	443	410	428
740	903	880	921
741	716	728	698
742	468	491	510
743	258	286	274
744	202	218	183
745	909	949	926
746	1006	965	988
747	684	700	659
748	982	959	1001
749	52	68	33
750	194	165	182
751	263	223	246
752	777	736	759
753	402	362	385
754	983	1001	1016
755	154	140	121
756	792	764	778
757	955	975	992
758	972	1004	990
759	949	928	908
760	485	503	518
761	621	634	605
762	351	333	310
763	471	461	441
764	775	797	810
765	694	658	677
766	816	794	835
767	473	486	455
768	940	992	1005
769	716	732	699
770	250	211	232
771	1057	17	5
772	326	347	359
773	702	721	739
774	784	770	796
775	914	949	933
776	376	402	392
777	523	537	435
778	650	683	667
779	855	843	828
780	638	623	605
781	739	699	722
782	757	808	739
783	367	404	388
784	894	875	908
785	534	546	518
786	599	581	558
787	33	74	57
788	39	64	54
789	321	288	311
790	27	185	46
791	288	306	265
792	286	251	270
793	481	460	501
794	171	212	195
795	166	148	125
796	934	918	901
797	1002	969	988
798	99	113	125
799	951	934	911
800	1132	1148	1114
801	73	88	53
802	338	295	320
803	255	271	237
804	824	847	865
805	776	792	803
806	631	615	596
807	469	432	453
808	866	893	882
809	961	1067	1094
810	733	697	718
811	881	893	868
812	654	635	672
813	311	329	292
814	490	469	447
815	747	773	763
816	338	360	379
817	883	916	902
818	96	43	25
819	793	807	775
820	975	934	958
821	1066	1046	907
822	728	742	710
823	765	748	779
824	715	732	695
825	866	846	883
826	866	788	853
827	320	339	355
828	356	372	337
829	321	362	345
830	376	397	415
831	2611	2646	2630
832	953	928	972
833	849	1017	1036
834	9	1048	26
835	362	339	381
836	768	803	786
837	529	548	508
838	481	510	497
839	274	290	256
840	745	703	728
841	406	425	443
842	75	52	94
843	127	156	142
844	264	291	279
845	563	546	521
846	110	98	84
847	30	42	18
848	757	740	771
849	347	389	372
850	590	615	605
851	711	671	692
852	792	820	810
853	541	581	564
854	68	35	54
855	272	254	285
856	81	98	63
857	346	372	362
858	758	706	725
859	763	799	784
860	668	652	631
861	828	803	848
862	343	368	358
863	93	65	81
864	95	134	116
865	789	824	810
866	375	353	394
867	338	299	319
868	662	646	676
869	910	898	884
870	967	986	946
871	295	336	318
872	723	741	756
873	20	1058	41
874	426	405	385
875	1067	5	1087
876	746	786	769
877	130	104	118
878	872	831	855
879	810	785	798
880	369	400	386
881	268	247	286
882	30	8	47
883	356	376	335
884	548	566	583
885	988	1023	1007
886	660	639	677
887	196	219	229
888	933	974	956
889	334	303	324
890	142	165	182
891	466	452	433
892	187	216	205
893	20	51	38
894	632	651	611
895	1055	1039	1069
896	99	80	61
897	391	408	450
898	123	164	147
899	267	412	390
900	233	274	257
901	1002	972	990
902	687	706	722
903	184	198	166
904	941	924	903
905	437	418	398
906	343	376	362
907	423	400	443
908	447	462	425
909	888	907	923
910	338	469	356
911	442	479	461
912	340	324	305
913	810	772	795
914	383	366	343
915	920	936	901
916	470	488	502
917	601	619	580
918	481	500	518
919	430	408	447
920	747	712	731
921	139	120	100
922	510	493	473
923	574	695	713
924	1079	1063	957
925	610	653	635
926	72	99	119
927	869	851	834
928	925	943	956
929	557	531	547
930	472	503	489
931	271	297	285
932	47	25	64
933	333	211	317
934	382	407	397
935	391	419	407
936	783	809	797
937	891	917	905
938	949	937	921
939	328	306	345
940	258	287	275
941	237	177	219
942	791	808	770
943	740	769	755
944	636	595	618
945	403	380	423
946	490	472	507
947	1105	1074	1091
948	545	587	570
949	168	199	185
950	281	298	258
951	1009	974	995
952	424	413	399
953	714	743	731
954	604	591	573
955	891	928	913
956	920	934	946
957	578	564	546
958	651	631	666
959	1093	1072	1111
960	67	115	103
961	152	111	134
962	301	410	320
963	747	728	706
964	88	115	101
965	533	500	520
966	631	613	596
967	550	591	574
968	609	651	634
969	116	198	135
970	844	860	765
971	436	457	475
972	801	817	780
973	925	887	908
974	374	399	388
975	583	618	602
976	917	886	905
977	793	776	753
978	343	322	360
979	4	1001	1058
980	524	493	472
981	933	917	900
982	716	734	691
983	376	335	360
984	426	452	442
985	384	425	407
986	681	657	700
987	795	776	755
988	301	329	317
989	698	710	684
990	350	333	366
991	600	627	615
992	1099	1112	1010
993	99	128	116
994	637	667	655
995	261	183	166
996	1064	1027	1048
997	466	510	491
998	482	443	465
999	58	40	75
